0.606299 0.425197 0.118110
0.661417 0.480315 0.110236
0.708661 0.464567 0.0944882
0.661417 0.519685 0.0866142
0.637795 0.464567 0.0708661
0.661417 0.480315 0.0393701
0.629921 0.511811 0.110236
0.582677 0.511811 0.149606
0.653543 0.472441 0.149606
0.685039 0.503937 0.149606
0.740157 0.496063 0.133858
0.755906 0.480315 0.157480
0.692913 0.456693 0.212598
0.661417 0.519685 0.196850
0.692913 0.590551 0.251969
0.622047 0.527559 0.259843
0.669291 0.456693 0.244094
0.622047 0.472441 0.228346
0.637795 0.480315 0.165354
0.653543 0.409449 0.196850
0.637795 0.370079 0.188976
0.708661 0.401575 0.125984
0.755906 0.377953 0.188976
0.755906 0.440945 0.133858
0.787402 0.377953 0.118110
0.795276 0.307087 0.102362
0.779528 0.377953 0.0472441
0.850394 0.385827 0.0629921
0.897638 0.401575 0.0236220
0.929134 0.377953 0.0236220
0.858268 0.346457 0.0629921
0.913386 0.299213 0.118110
0.897638 0.259843 0.0708661
0.874016 0.244094 0.0314961
0.858268 0.196850 0.0472441
0.826772 0.251969 0.0944882
0.763780 0.314961 0.0472441
0.692913 0.283465 0.00000
0.692913 0.244094 0.0472441
0.622047 0.244094 0.00787402
0.622047 0.244094 0.0236220
0.685039 0.259843 0.0236220
0.669291 0.251969 0.00787402
0.669291 0.275591 0.0551181
0.661417 0.259843 0.0551181
0.653543 0.283465 0.0866142
0.661417 0.251969 0.149606
0.669291 0.275591 0.149606
0.645669 0.236220 0.0944882
0.645669 0.228346 0.0551181
0.708661 0.244094 0.0551181
0.732283 0.188976 0.118110
0.748031 0.212598 0.149606
0.708661 0.204724 0.173228
0.677165 0.228346 0.141732
0.708661 0.259843 0.181102
0.748031 0.291339 0.212598
0.795276 0.322835 0.204724
0.834646 0.314961 0.141732
0.771654 0.370079 0.110236
0.779528 0.440945 0.0866142
0.740157 0.511811 0.0629921
0.740157 0.511811 0.0629921
0.716535 0.511811 0.0551181
0.677165 0.448819 0.0393701
0.692913 0.511811 0.0551181
0.685039 0.480315 0.0393701
0.700787 0.480315 0.0314961
0.716535 0.409449 0.00000
0.677165 0.472441 0.0393701
0.724409 0.425197 0.110236
0.724409 0.464567 0.173228
0.795276 0.464567 0.244094
0.826772 0.464567 0.244094
0.826772 0.417323 0.204724
0.874016 0.448819 0.204724
0.937008 0.511811 0.236220
0.905512 0.488189 0.236220
0.913386 0.456693 0.173228
0.968504 0.409449 0.204724
0.897638 0.393701 0.251969
0.952756 0.354331 0.181102
0.905512 0.401575 0.228346
0.881890 0.417323 0.299213
0.826772 0.488189 0.267717
0.763780 0.448819 0.283465
0.700787 0.464567 0.275591
0.748031 0.511811 0.275591
0.787402 0.480315 0.338583
0.850394 0.480315 0.377953
0.850394 0.511811 0.322835
0.795276 0.574803 0.330709
0.763780 0.637795 0.259843
0.763780 0.685039 0.299213
0.732283 0.661417 0.354331
0.740157 0.598425 0.283465
0.787402 0.535433 0.236220
0.842520 0.519685 0.259843
0.803150 0.472441 0.259843
0.787402 0.433071 0.314961
0.771654 0.472441 0.354331
0.771654 0.527559 0.283465
0.748031 0.456693 0.291339
0.779528 0.385827 0.291339
0.850394 0.314961 0.362205
0.795276 0.299213 0.377953
0.850394 0.251969 0.377953
0.921260 0.196850 0.354331
0.944882 0.133858 0.330709
0.968504 0.0787402 0.401575
0.921260 0.0866142 0.338583
0.937008 0.0393701 0.362205
0.976378 0.0866142 0.385827
0.929134 0.0708661 0.433071
0.937008 0.0157480 0.393701
0.913386 0.0866142 0.322835
0.913386 0.0157480 0.322835
0.842520 0.0866142 0.251969
0.858268 0.0866142 0.196850
0.913386 0.0708661 0.181102
0.842520 0.102362 0.220472
0.826772 0.133858 0.267717
0.755906 0.196850 0.228346
0.748031 0.125984 0.196850
0.779528 0.196850 0.181102
0.779528 0.157480 0.251969
0.771654 0.118110 0.322835
0.787402 0.0708661 0.393701
0.763780 0.0472441 0.464567
0.771654 0.00000 0.527559
0.811024 0.00787402 0.559055
0.866142 0.0157480 0.551181
0.905512 0.0708661 0.535433
0.937008 0.0236220 0.606299
0.897638 0.0944882 0.669291
0.913386 0.0393701 0.708661
0.937008 0.0944882 0.645669
0.984252 0.0236220 0.692913
0.984252 0.00000 0.677165
0.937008 0.0551181 0.740157
0.960630 0.125984 0.669291
0.960630 0.110236 0.700787
0.921260 0.0708661 0.700787
0.905512 0.00787402 0.724409
0.937008 0.0314961 0.669291
0.889764 0.0708661 0.669291
0.818898 0.0236220 0.716535
0.755906 0.0393701 0.700787
0.763780 0.0708661 0.716535
0.763780 0.0787402 0.653543
0.755906 0.118110 0.614173
0.803150 0.133858 0.551181
0.779528 0.181102 0.527559
0.811024 0.188976 0.559055
0.771654 0.149606 0.582677
0.787402 0.110236 0.598425
0.795276 0.110236 0.637795
0.818898 0.149606 0.700787
0.850394 0.220472 0.645669
0.826772 0.244094 0.637795
0.755906 0.188976 0.606299
0.826772 0.228346 0.653543
0.866142 0.251969 0.614173
0.937008 0.244094 0.582677
0.968504 0.204724 0.598425
0.984252 0.259843 0.582677
0.929134 0.267717 0.614173
0.968504 0.244094 0.543307
0.897638 0.204724 0.543307
0.850394 0.236220 0.590551
0.866142 0.181102 0.559055
0.803150 0.204724 0.496063
0.858268 0.212598 0.456693
0.842520 0.220472 0.393701
0.842520 0.283465 0.385827
0.771654 0.299213 0.346457
0.826772 0.370079 0.409449
0.874016 0.417323 0.472441
0.858268 0.385827 0.417323
0.787402 0.370079 0.433071
0.795276 0.322835 0.385827
0.842520 0.299213 0.330709
0.850394 0.259843 0.307087
0.779528 0.259843 0.267717
0.834646 0.307087 0.212598
0.834646 0.322835 0.204724
0.905512 0.370079 0.133858
0.968504 0.307087 0.0787402
0.968504 0.259843 0.133858
0.968504 0.314961 0.118110
0.937008 0.314961 0.0629921
0.921260 0.314961 0.0944882
0.937008 0.283465 0.157480
0.905512 0.236220 0.196850
0.834646 0.251969 0.236220
0.850394 0.228346 0.275591
0.787402 0.181102 0.259843
0.732283 0.110236 0.220472
0.692913 0.0629921 0.220472
0.629921 0.0629921 0.244094
0.614173 0.102362 0.244094
0.677165 0.102362 0.244094
0.653543 0.102362 0.307087
0.661417 0.0629921 0.377953
0.653543 0.133858 0.425197
0.708661 0.118110 0.448819
0.748031 0.118110 0.456693
0.724409 0.118110 0.480315
0.787402 0.0551181 0.480315
0.716535 0.0708661 0.456693
0.692913 0.0472441 0.401575
0.669291 0.00787402 0.440945
0.661417 0.0393701 0.417323
0.645669 0.0314961 0.433071
0.606299 0.0866142 0.385827
0.629921 0.118110 0.354331
0.590551 0.125984 0.377953
0.566929 0.173228 0.338583
0.614173 0.188976 0.314961
0.598425 0.259843 0.314961
0.535433 0.204724 0.370079
0.511811 0.267717 0.307087
0.527559 0.275591 0.259843
0.566929 0.204724 0.204724
0.614173 0.149606 0.141732
0.606299 0.204724 0.0944882
0.535433 0.204724 0.0314961
0.590551 0.220472 0.0787402
0.559055 0.251969 0.0393701
0.598425 0.251969 0.0393701
0.622047 0.196850 0.0314961
0.661417 0.141732 0.0866142
0.661417 0.196850 0.0551181
0.590551 0.165354 0.118110
0.519685 0.196850 0.0787402
0.527559 0.212598 0.118110
0.559055 0.212598 0.0944882
0.511811 0.275591 0.0708661
0.440945 0.267717 0.0551181
0.511811 0.338583 0.125984
0.519685 0.370079 0.157480
0.543307 0.433071 0.165354
0.598425 0.440945 0.220472
0.637795 0.440945 0.275591
0.700787 0.511811 0.275591
0.740157 0.519685 0.322835
0.795276 0.566929 0.275591
0.787402 0.629921 0.338583
0.755906 0.661417 0.275591
0.795276 0.724409 0.204724
0.858268 0.716535 0.133858
0.818898 0.763780 0.133858
0.771654 0.803150 0.133858
0.708661 0.834646 0.188976
0.755906 0.771654 0.181102
0.787402 0.716535 0.204724
0.763780 0.700787 0.188976
0.795276 0.708661 0.188976
0.866142 0.708661 0.204724
0.874016 0.716535 0.133858
0.803150 0.787402 0.157480
0.740157 0.818898 0.149606
0.779528 0.858268 0.173228
0.748031 0.803150 0.204724
0.685039 0.834646 0.204724
0.637795 0.889764 0.220472
0.653543 0.842520 0.157480
0.614173 0.866142 0.149606
0.669291 0.913386 0.125984
0.732283 0.850394 0.0787402
0.755906 0.834646 0.0236220
0.685039 0.881890 0.00787402
0.661417 0.874016 0.0393701
0.661417 0.905512 0.0393701
0.724409 0.889764 0.0787402
0.748031 0.937008 0.0787402
0.818898 0.881890 0.00787402
0.803150 0.937008 0.0393701
0.779528 0.976378 0.0157480
0.826772 0.913386 0.0787402
0.787402 0.866142 0.0551181
0.716535 0.850394 0.0157480
0.779528 0.858268 0.0236220
0.842520 0.881890 0.0787402
0.897638 0.858268 0.0787402
0.929134 0.897638 0.133858
0.968504 0.913386 0.157480
0.913386 0.842520 0.133858
0.944882 0.866142 0.165354
0.968504 0.937008 0.196850
0.921260 0.866142 0.236220
0.850394 0.795276 0.188976
0.850394 0.842520 0.244094
0.913386 0.897638 0.220472
0.858268 0.897638 0.204724
0.913386 0.929134 0.173228
0.913386 0.889764 0.157480
0.937008 0.874016 0.204724
0.866142 0.944882 0.267717
0.858268 0.921260 0.330709
0.811024 0.952756 0.362205
0.842520 0.897638 0.291339
0.850394 0.897638 0.307087
0.842520 0.874016 0.291339
0.850394 0.913386 0.314961
0.787402 0.897638 0.275591
0.787402 0.913386 0.244094
0.818898 0.889764 0.283465
0.763780 0.889764 0.314961
0.692913 0.944882 0.259843
0.629921 0.913386 0.267717
0.629921 0.968504 0.212598
0.645669 0.913386 0.173228
0.629921 0.976378 0.236220
0.677165 0.968504 0.251969
0.653543 0.905512 0.259843
0.606299 0.952756 0.220472
0.669291 0.952756 0.204724
0.724409 0.913386 0.275591
0.685039 0.905512 0.251969
0.685039 0.858268 0.181102
0.645669 0.787402 0.220472
0.685039 0.748031 0.188976
0.748031 0.732283 0.251969
0.787402 0.795276 0.307087
0.818898 0.858268 0.322835
0.850394 0.858268 0.267717
0.787402 0.897638 0.283465
0.748031 0.968504 0.283465
0.740157 0.905512 0.236220
0.716535 0.874016 0.275591
0.732283 0.834646 0.291339
0.732283 0.787402 0.314961
0.692913 0.795276 0.299213
0.708661 0.858268 0.362205
0.677165 0.818898 0.314961
0.708661 0.826772 0.385827
0.677165 0.771654 0.401575
0.677165 0.724409 0.440945
0.614173 0.708661 0.511811
0.566929 0.740157 0.496063
0.519685 0.732283 0.496063
0.496063 0.787402 0.496063
0.551181 0.724409 0.488189
0.622047 0.677165 0.472441
0.653543 0.645669 0.456693
0.661417 0.574803 0.464567
0.692913 0.645669 0.425197
0.692913 0.700787 0.409449
0.692913 0.732283 0.346457
0.677165 0.787402 0.346457
0.724409 0.842520 0.409449
0.787402 0.905512 0.385827
0.748031 0.929134 0.409449
0.803150 0.858268 0.472441
0.755906 0.842520 0.488189
0.818898 0.818898 0.503937
0.763780 0.771654 0.503937
0.716535 0.803150 0.574803
0.755906 0.732283 0.551181
0.700787 0.795276 0.543307
0.653543 0.795276 0.582677
0.669291 0.755906 0.566929
0.614173 0.818898 0.535433
0.574803 0.748031 0.582677
0.535433 0.818898 0.629921
0.472441 0.881890 0.566929
0.401575 0.858268 0.598425
0.440945 0.787402 0.661417
0.425197 0.755906 0.614173
0.496063 0.779528 0.598425
0.448819 0.803150 0.669291
0.433071 0.803150 0.669291
0.393701 0.787402 0.637795
0.362205 0.771654 0.669291
0.362205 0.748031 0.708661
0.346457 0.700787 0.653543
0.291339 0.629921 0.716535
0.220472 0.669291 0.755906
0.181102 0.716535 0.708661
0.133858 0.685039 0.724409
0.0708661 0.692913 0.692913
0.110236 0.748031 0.724409
0.0944882 0.677165 0.740157
0.0629921 0.677165 0.692913
0.133858 0.614173 0.724409
0.204724 0.543307 0.653543
0.173228 0.598425 0.685039
0.244094 0.551181 0.732283
0.244094 0.598425 0.700787
0.251969 0.535433 0.740157
0.228346 0.496063 0.708661
0.212598 0.496063 0.724409
0.157480 0.535433 0.692913
0.157480 0.543307 0.740157
0.157480 0.511811 0.740157
0.173228 0.527559 0.724409
0.244094 0.480315 0.653543
0.204724 0.535433 0.637795
0.212598 0.598425 0.661417
0.141732 0.559055 0.622047
0.0708661 0.519685 0.582677
0.102362 0.566929 0.527559
0.149606 0.503937 0.496063
0.149606 0.496063 0.535433
0.181102 0.519685 0.480315
0.165354 0.535433 0.543307
0.141732 0.606299 0.566929
0.110236 0.677165 0.614173
0.0629921 0.685039 0.574803
0.102362 0.755906 0.614173
0.102362 0.724409 0.590551
0.0551181 0.716535 0.614173
0.0708661 0.700787 0.629921
0.133858 0.700787 0.677165
0.125984 0.677165 0.637795
0.181102 0.700787 0.590551
0.181102 0.669291 0.590551
0.236220 0.716535 0.622047
0.244094 0.740157 0.606299
0.196850 0.748031 0.637795
0.149606 0.811024 0.692913
0.212598 0.795276 0.740157
0.212598 0.795276 0.685039
0.228346 0.771654 0.622047
0.291339 0.763780 0.622047
0.346457 0.740157 0.614173
0.417323 0.700787 0.614173
0.370079 0.637795 0.653543
0.370079 0.582677 0.724409
0.346457 0.566929 0.763780
0.283465 0.614173 0.732283
0.259843 0.551181 0.732283
0.299213 0.614173 0.771654
0.291339 0.606299 0.755906
0.322835 0.606299 0.740157
0.283465 0.653543 0.755906
0.307087 0.622047 0.771654
0.322835 0.685039 0.771654
0.299213 0.755906 0.811024
0.307087 0.740157 0.858268
0.236220 0.724409 0.818898
0.275591 0.755906 0.755906
0.236220 0.763780 0.787402
0.299213 0.692913 0.858268
0.322835 0.740157 0.850394
0.346457 0.708661 0.905512
0.275591 0.677165 0.944882
0.267717 0.716535 0.874016
0.251969 0.708661 0.913386
0.275591 0.708661 0.952756
0.220472 0.685039 0.952756
0.220472 0.645669 1.00000
0.165354 0.716535 0.992126
0.188976 0.787402 1.00000
0.125984 0.724409 0.984252
0.188976 0.692913 0.968504
0.251969 0.669291 0.952756
0.204724 0.724409 0.897638
0.275591 0.748031 0.944882
0.338583 0.818898 0.937008
0.370079 0.771654 0.960630
0.354331 0.708661 0.897638
0.330709 0.677165 0.842520
0.275591 0.661417 0.897638
0.338583 0.645669 0.866142
0.267717 0.669291 0.897638
0.267717 0.629921 0.897638
0.212598 0.700787 0.874016
0.165354 0.661417 0.874016
0.196850 0.661417 0.897638
0.173228 0.629921 0.897638
0.110236 0.637795 0.866142
0.102362 0.590551 0.858268
0.0787402 0.535433 0.795276
0.141732 0.566929 0.748031
0.188976 0.543307 0.700787
0.149606 0.614173 0.677165
0.133858 0.582677 0.661417
0.133858 0.519685 0.732283
0.0866142 0.574803 0.692913
0.0314961 0.535433 0.637795
0.0236220 0.464567 0.700787
0.0866142 0.535433 0.732283
0.0787402 0.535433 0.771654
0.0157480 0.606299 0.826772
0.00000 0.622047 0.763780
0.0472441 0.551181 0.795276
0.118110 0.488189 0.826772
0.110236 0.448819 0.818898
0.118110 0.496063 0.818898
0.0866142 0.496063 0.818898
0.141732 0.448819 0.748031
0.157480 0.440945 0.748031
0.0866142 0.433071 0.763780
0.118110 0.425197 0.795276
0.141732 0.425197 0.811024
0.173228 0.425197 0.874016
0.204724 0.496063 0.913386
0.259843 0.566929 0.944882
0.314961 0.566929 1.00000
0.259843 0.566929 0.937008
0.291339 0.551181 0.968504
0.244094 0.519685 0.960630
0.244094 0.448819 0.960630
0.283465 0.448819 1.00000
0.259843 0.401575 0.944882
0.204724 0.370079 0.929134
0.133858 0.362205 0.858268
0.0708661 0.346457 0.795276
0.0393701 0.283465 0.763780
0.0314961 0.251969 0.826772
0.0236220 0.251969 0.889764
0.0314961 0.212598 0.929134
0.00000 0.188976 0.929134
0.0393701 0.173228 0.992126
0.00000 0.149606 0.937008
0.0236220 0.188976 0.866142
0.00000 0.228346 0.889764
0.0236220 0.259843 0.929134
0.0866142 0.275591 0.889764
0.0629921 0.236220 0.858268
0.00000 0.212598 0.842520
0.0708661 0.141732 0.795276
0.0708661 0.188976 0.755906
0.125984 0.141732 0.755906
0.110236 0.204724 0.692913
0.141732 0.259843 0.724409
0.0944882 0.212598 0.716535
0.0787402 0.165354 0.661417
0.133858 0.204724 0.645669
0.173228 0.204724 0.716535
0.149606 0.133858 0.653543
0.212598 0.204724 0.614173
0.149606 0.212598 0.590551
0.0944882 0.212598 0.661417
0.102362 0.165354 0.708661
0.0314961 0.165354 0.637795
0.0708661 0.118110 0.661417
0.0708661 0.0944882 0.677165
0.141732 0.141732 0.645669
0.149606 0.133858 0.716535
0.181102 0.133858 0.740157
0.181102 0.0787402 0.669291
0.251969 0.0866142 0.708661
0.244094 0.0708661 0.653543
0.283465 0.0708661 0.685039
0.299213 0.110236 0.661417
0.338583 0.0944882 0.685039
0.322835 0.0944882 0.685039
0.259843 0.0944882 0.700787
0.220472 0.165354 0.732283
0.236220 0.157480 0.724409
0.259843 0.0944882 0.740157
0.330709 0.102362 0.740157
0.370079 0.0866142 0.740157
0.425197 0.0472441 0.748031
0.472441 0.0866142 0.692913
0.472441 0.102362 0.748031
0.433071 0.133858 0.685039
0.433071 0.133858 0.748031
0.496063 0.0944882 0.748031
0.519685 0.157480 0.724409
0.551181 0.118110 0.763780
0.543307 0.118110 0.724409
0.480315 0.0551181 0.779528
0.488189 0.125984 0.803150
0.456693 0.0944882 0.803150
0.472441 0.0944882 0.826772
0.433071 0.0629921 0.826772
0.480315 0.0708661 0.811024
0.456693 0.0944882 0.881890
0.425197 0.118110 0.811024
0.417323 0.110236 0.826772
0.362205 0.149606 0.763780
0.393701 0.173228 0.740157
0.346457 0.236220 0.724409
0.314961 0.181102 0.771654
0.370079 0.125984 0.763780
0.370079 0.0629921 0.724409
0.409449 0.0472441 0.692913
0.480315 0.0393701 0.637795
0.456693 0.110236 0.653543
0.527559 0.0944882 0.708661
0.598425 0.102362 0.677165
0.582677 0.125984 0.661417
0.622047 0.149606 0.685039
0.551181 0.141732 0.677165
0.582677 0.196850 0.661417
0.645669 0.188976 0.732283
0.708661 0.236220 0.787402
0.732283 0.251969 0.779528
0.771654 0.244094 0.795276
0.787402 0.314961 0.748031
0.811024 0.299213 0.677165
0.866142 0.244094 0.700787
0.889764 0.275591 0.653543
0.952756 0.251969 0.700787
0.897638 0.314961 0.677165
0.858268 0.322835 0.669291
0.874016 0.377953 0.716535
0.866142 0.338583 0.692913
0.803150 0.322835 0.708661
0.842520 0.291339 0.716535
0.771654 0.283465 0.661417
0.700787 0.244094 0.716535
0.716535 0.204724 0.740157
0.732283 0.259843 0.763780
0.771654 0.299213 0.700787
0.842520 0.283465 0.661417
0.850394 0.228346 0.669291
0.889764 0.299213 0.598425
0.866142 0.370079 0.559055
0.913386 0.440945 0.511811
0.881890 0.464567 0.456693
0.889764 0.472441 0.496063
0.889764 0.456693 0.543307
0.850394 0.456693 0.488189
0.787402 0.385827 0.433071
0.787402 0.401575 0.433071
0.803150 0.354331 0.425197
0.818898 0.314961 0.464567
0.866142 0.314961 0.503937
0.803150 0.299213 0.535433
0.834646 0.267717 0.559055
0.787402 0.251969 0.488189
0.834646 0.314961 0.425197
0.779528 0.385827 0.354331
0.755906 0.314961 0.417323
0.818898 0.244094 0.362205
0.818898 0.267717 0.370079
0.842520 0.236220 0.322835
0.897638 0.212598 0.354331
0.952756 0.212598 0.377953
0.913386 0.181102 0.425197
0.968504 0.125984 0.393701
0.929134 0.118110 0.338583
0.976378 0.0472441 0.377953
0.944882 0.0314961 0.385827
0.897638 0.0944882 0.322835
0.968504 0.125984 0.251969
0.968504 0.141732 0.212598
0.944882 0.0866142 0.149606
0.897638 0.0629921 0.0787402
0.913386 0.133858 0.0393701
0.960630 0.0944882 0.110236
0.976378 0.0944882 0.0393701
0.976378 0.0236220 0.0708661
0.905512 0.0629921 0.0708661
0.913386 0.0314961 0.125984
0.897638 0.102362 0.157480
0.905512 0.0551181 0.102362
0.937008 0.0393701 0.0787402
0.944882 0.00000 0.0708661
1.00000 0.0629921 0.0944882
0.976378 0.0314961 0.141732
0.952756 0.0866142 0.102362
0.968504 0.133858 0.118110
0.976378 0.196850 0.0472441
0.952756 0.220472 0.0629921
0.992126 0.149606 0.00000
0.992126 0.0787402 0.0551181
0.952756 0.125984 0.110236
0.881890 0.0629921 0.0866142
0.811024 0.0551181 0.125984
0.787402 0.125984 0.102362
0.795276 0.165354 0.102362
0.755906 0.204724 0.0629921
0.803150 0.236220 0.0787402
0.779528 0.181102 0.0866142
0.826772 0.149606 0.125984
0.811024 0.149606 0.196850
0.740157 0.220472 0.141732
0.755906 0.244094 0.141732
0.685039 0.181102 0.196850
0.622047 0.212598 0.141732
0.622047 0.244094 0.0944882
0.685039 0.181102 0.0472441
0.637795 0.244094 0.110236
0.629921 0.291339 0.118110
0.629921 0.362205 0.165354
0.598425 0.401575 0.220472
0.535433 0.409449 0.244094
0.566929 0.362205 0.212598
0.622047 0.338583 0.228346
0.566929 0.275591 0.283465
0.503937 0.338583 0.330709
0.472441 0.338583 0.385827
0.433071 0.401575 0.433071
0.488189 0.346457 0.433071
0.559055 0.362205 0.503937
0.519685 0.307087 0.440945
0.480315 0.244094 0.496063
0.488189 0.173228 0.488189
0.511811 0.165354 0.535433
0.488189 0.102362 0.503937
0.456693 0.0629921 0.464567
0.425197 0.00787402 0.503937
0.472441 0.0236220 0.543307
0.409449 0.00000 0.527559
0.409449 0.00000 0.519685
0.440945 0.00787402 0.456693
0.503937 0.0393701 0.488189
0.480315 0.0236220 0.519685
0.496063 0.0629921 0.503937
0.472441 0.110236 0.535433
0.401575 0.181102 0.480315
0.330709 0.141732 0.480315
0.267717 0.102362 0.488189
0.251969 0.125984 0.417323
0.275591 0.125984 0.409449
0.212598 0.188976 0.464567
0.173228 0.228346 0.393701
0.141732 0.181102 0.346457
0.149606 0.188976 0.354331
0.157480 0.220472 0.307087
0.181102 0.157480 0.322835
0.165354 0.118110 0.346457
0.165354 0.149606 0.417323
0.173228 0.0787402 0.480315
0.196850 0.0944882 0.543307
0.141732 0.0551181 0.527559
0.102362 0.125984 0.503937
0.102362 0.0708661 0.496063
0.149606 0.0787402 0.551181
0.157480 0.125984 0.535433
0.157480 0.149606 0.535433
0.220472 0.204724 0.535433
0.259843 0.259843 0.503937
0.244094 0.330709 0.527559
0.212598 0.385827 0.543307
0.259843 0.370079 0.543307
0.259843 0.370079 0.472441
0.204724 0.425197 0.440945
0.141732 0.377953 0.401575
0.0787402 0.346457 0.377953
0.149606 0.409449 0.377953
0.141732 0.417323 0.346457
0.173228 0.433071 0.314961
0.188976 0.433071 0.338583
0.228346 0.503937 0.377953
0.204724 0.448819 0.307087
0.204724 0.511811 0.346457
0.212598 0.535433 0.354331
0.196850 0.472441 0.417323
0.125984 0.480315 0.480315
0.118110 0.496063 0.496063
0.0787402 0.519685 0.448819
0.0944882 0.559055 0.496063
0.0708661 0.488189 0.464567
0.0551181 0.480315 0.519685
0.0157480 0.480315 0.590551
0.0157480 0.456693 0.582677
0.0866142 0.433071 0.511811
0.102362 0.425197 0.535433
0.0944882 0.377953 0.574803
0.157480 0.322835 0.527559
0.165354 0.299213 0.464567
0.181102 0.228346 0.433071
0.236220 0.204724 0.433071
0.251969 0.149606 0.362205
0.322835 0.0944882 0.425197
0.346457 0.141732 0.362205
0.385827 0.0787402 0.314961
0.385827 0.102362 0.267717
0.401575 0.165354 0.236220
0.417323 0.102362 0.244094
0.385827 0.0866142 0.244094
0.322835 0.0708661 0.228346
0.299213 0.0708661 0.204724
0.338583 0.118110 0.165354
0.283465 0.157480 0.236220
0.283465 0.165354 0.259843
0.212598 0.181102 0.204724
0.259843 0.212598 0.165354
0.314961 0.173228 0.181102
0.346457 0.196850 0.196850
0.283465 0.173228 0.141732
0.291339 0.236220 0.133858
0.299213 0.196850 0.188976
0.307087 0.244094 0.220472
0.307087 0.275591 0.259843
0.346457 0.291339 0.228346
0.314961 0.314961 0.204724
0.299213 0.251969 0.236220
0.307087 0.204724 0.196850
0.244094 0.267717 0.267717
0.299213 0.196850 0.251969
0.330709 0.125984 0.244094
0.267717 0.188976 0.212598
0.196850 0.141732 0.149606
0.157480 0.0866142 0.110236
0.228346 0.110236 0.0787402
0.228346 0.125984 0.0787402
0.165354 0.0629921 0.0944882
0.149606 0.0944882 0.0944882
0.141732 0.0551181 0.125984
0.0708661 0.102362 0.133858
0.141732 0.0551181 0.196850
0.165354 0.0629921 0.251969
0.196850 0.0866142 0.244094
0.228346 0.0629921 0.228346
0.220472 0.0629921 0.259843
0.267717 0.0472441 0.228346
0.314961 0.110236 0.204724
0.283465 0.173228 0.228346
0.267717 0.228346 0.299213
0.299213 0.181102 0.283465
0.275591 0.204724 0.322835
0.212598 0.275591 0.267717
0.141732 0.267717 0.283465
0.133858 0.275591 0.322835
0.0708661 0.338583 0.283465
0.0157480 0.299213 0.354331
0.0551181 0.251969 0.338583
0.102362 0.220472 0.385827
0.102362 0.251969 0.425197
0.133858 0.267717 0.385827
0.165354 0.228346 0.393701
0.196850 0.228346 0.440945
0.125984 0.212598 0.385827
0.165354 0.251969 0.417323
0.157480 0.228346 0.472441
0.133858 0.275591 0.464567
0.125984 0.244094 0.433071
0.0787402 0.196850 0.409449
0.110236 0.228346 0.370079
0.0393701 0.259843 0.409449
0.0236220 0.322835 0.354331
0.0236220 0.314961 0.314961
0.0393701 0.370079 0.267717
0.0157480 0.385827 0.212598
0.0787402 0.417323 0.212598
0.0393701 0.488189 0.267717
0.0944882 0.456693 0.212598
0.0866142 0.488189 0.204724
0.125984 0.503937 0.267717
0.125984 0.551181 0.299213
0.0629921 0.543307 0.307087
0.118110 0.511811 0.307087
0.181102 0.543307 0.330709
0.220472 0.590551 0.338583
0.157480 0.566929 0.401575
0.204724 0.559055 0.354331
0.196850 0.629921 0.314961
0.149606 0.629921 0.291339
0.149606 0.598425 0.275591
0.165354 0.629921 0.307087
0.228346 0.677165 0.330709
0.291339 0.677165 0.401575
0.283465 0.637795 0.409449
0.244094 0.653543 0.417323
0.236220 0.669291 0.480315
0.220472 0.692913 0.409449
0.157480 0.645669 0.480315
0.157480 0.582677 0.480315
0.125984 0.574803 0.440945
0.125984 0.559055 0.393701
0.173228 0.622047 0.362205
0.236220 0.614173 0.433071
0.283465 0.629921 0.440945
0.314961 0.645669 0.377953
0.267717 0.653543 0.307087
0.212598 0.622047 0.330709
0.283465 0.614173 0.275591
0.251969 0.669291 0.299213
0.259843 0.637795 0.299213
0.212598 0.645669 0.314961
0.165354 0.700787 0.370079
0.181102 0.700787 0.377953
0.228346 0.763780 0.409449
0.291339 0.763780 0.464567
0.354331 0.763780 0.425197
0.417323 0.732283 0.496063
0.456693 0.755906 0.496063
0.480315 0.803150 0.472441
0.425197 0.818898 0.417323
0.456693 0.842520 0.480315
0.472441 0.842520 0.527559
0.535433 0.866142 0.511811
0.480315 0.913386 0.511811
0.417323 0.968504 0.511811
0.409449 0.921260 0.543307
0.448819 0.905512 0.543307
0.519685 0.889764 0.535433
0.590551 0.826772 0.480315
0.566929 0.834646 0.488189
0.574803 0.779528 0.511811
0.598425 0.834646 0.551181
0.574803 0.834646 0.582677
0.645669 0.763780 0.582677
0.685039 0.708661 0.527559
0.669291 0.755906 0.480315
0.724409 0.795276 0.488189
0.787402 0.850394 0.559055
0.740157 0.811024 0.527559
0.724409 0.787402 0.590551
0.771654 0.779528 0.582677
0.755906 0.834646 0.590551
0.708661 0.881890 0.606299
0.700787 0.889764 0.606299
0.755906 0.889764 0.559055
0.779528 0.834646 0.629921
0.740157 0.795276 0.637795
0.669291 0.818898 0.606299
0.700787 0.866142 0.582677
0.677165 0.866142 0.543307
0.606299 0.818898 0.559055
0.614173 0.755906 0.614173
0.637795 0.787402 0.677165
0.622047 0.716535 0.748031
0.629921 0.692913 0.740157
0.629921 0.692913 0.708661
0.566929 0.637795 0.771654
0.590551 0.622047 0.834646
0.590551 0.622047 0.787402
0.661417 0.566929 0.787402
0.661417 0.559055 0.826772
0.598425 0.606299 0.842520
0.598425 0.543307 0.913386
0.535433 0.503937 0.866142
0.582677 0.551181 0.921260
0.637795 0.551181 0.897638
0.566929 0.574803 0.960630
0.622047 0.574803 0.889764
0.637795 0.598425 0.881890
0.692913 0.559055 0.913386
0.685039 0.519685 0.850394
0.700787 0.574803 0.834646
0.716535 0.574803 0.850394
0.708661 0.527559 0.803150
0.779528 0.566929 0.732283
0.787402 0.503937 0.732283
0.787402 0.440945 0.779528
0.795276 0.448819 0.787402
0.866142 0.519685 0.716535
0.842520 0.582677 0.677165
0.787402 0.582677 0.606299
0.779528 0.543307 0.590551
0.763780 0.472441 0.543307
0.771654 0.543307 0.551181
0.700787 0.480315 0.566929
0.763780 0.433071 0.566929
0.787402 0.433071 0.551181
0.740157 0.456693 0.480315
0.677165 0.417323 0.456693
0.606299 0.417323 0.464567
0.566929 0.456693 0.464567
0.519685 0.503937 0.488189
0.496063 0.511811 0.433071
0.464567 0.456693 0.488189
0.440945 0.480315 0.519685
0.448819 0.425197 0.456693
0.472441 0.393701 0.440945
0.480315 0.377953 0.385827
0.440945 0.448819 0.456693
0.503937 0.433071 0.448819
0.496063 0.480315 0.456693
0.503937 0.464567 0.472441
0.574803 0.519685 0.503937
0.590551 0.590551 0.456693
0.519685 0.629921 0.409449
0.535433 0.692913 0.362205
0.566929 0.661417 0.330709
0.606299 0.598425 0.338583
0.535433 0.559055 0.346457
0.511811 0.566929 0.393701
0.480315 0.582677 0.456693
0.409449 0.614173 0.393701
0.338583 0.551181 0.322835
0.330709 0.511811 0.259843
0.259843 0.503937 0.314961
0.196850 0.566929 0.370079
0.204724 0.519685 0.440945
0.228346 0.543307 0.440945
0.196850 0.480315 0.377953
0.212598 0.527559 0.385827
0.196850 0.519685 0.440945
0.259843 0.496063 0.385827
0.267717 0.496063 0.354331
0.244094 0.535433 0.370079
0.283465 0.464567 0.401575
0.267717 0.448819 0.385827
0.283465 0.472441 0.385827
0.330709 0.433071 0.322835
0.362205 0.362205 0.346457
0.314961 0.291339 0.314961
0.259843 0.283465 0.338583
0.307087 0.275591 0.362205
0.354331 0.330709 0.362205
0.425197 0.370079 0.425197
0.385827 0.330709 0.488189
0.354331 0.330709 0.511811
0.338583 0.393701 0.503937
0.299213 0.385827 0.456693
0.354331 0.393701 0.393701
0.322835 0.448819 0.362205
0.322835 0.385827 0.393701
0.354331 0.362205 0.354331
0.425197 0.330709 0.322835
0.440945 0.267717 0.291339
0.480315 0.259843 0.299213
0.440945 0.188976 0.346457
0.496063 0.188976 0.275591
0.456693 0.228346 0.275591
0.472441 0.299213 0.283465
0.417323 0.251969 0.244094
0.464567 0.307087 0.244094
0.496063 0.275591 0.196850
0.519685 0.212598 0.196850
0.551181 0.212598 0.244094
0.614173 0.283465 0.259843
0.661417 0.322835 0.314961
0.724409 0.338583 0.267717
0.755906 0.299213 0.338583
0.803150 0.322835 0.409449
0.818898 0.393701 0.409449
0.763780 0.370079 0.370079
0.708661 0.370079 0.346457
0.708661 0.377953 0.354331
0.716535 0.425197 0.299213
0.685039 0.425197 0.236220
0.755906 0.433071 0.251969
0.685039 0.362205 0.275591
0.622047 0.401575 0.204724
0.692913 0.417323 0.204724
0.724409 0.464567 0.259843
0.732283 0.488189 0.283465
0.748031 0.488189 0.299213
0.795276 0.535433 0.259843
0.724409 0.566929 0.283465
0.653543 0.606299 0.354331
0.708661 0.551181 0.393701
0.645669 0.480315 0.409449
0.614173 0.503937 0.370079
0.653543 0.527559 0.425197
0.708661 0.598425 0.448819
0.748031 0.669291 0.393701
0.748031 0.724409 0.409449
0.803150 0.692913 0.362205
0.803150 0.622047 0.338583
0.842520 0.574803 0.330709
0.803150 0.614173 0.401575
0.787402 0.669291 0.425197
0.787402 0.677165 0.448819
0.826772 0.661417 0.393701
0.897638 0.590551 0.385827
0.858268 0.645669 0.393701
0.913386 0.582677 0.425197
0.984252 0.622047 0.425197
0.984252 0.669291 0.464567
0.984252 0.637795 0.417323
0.929134 0.582677 0.433071
1.00000 0.519685 0.480315
0.968504 0.488189 0.488189
0.976378 0.456693 0.551181
0.976378 0.496063 0.606299
0.960630 0.496063 0.590551
0.960630 0.440945 0.519685
0.984252 0.511811 0.566929
0.992126 0.527559 0.637795
0.976378 0.582677 0.566929
0.921260 0.622047 0.622047
0.921260 0.622047 0.653543
0.960630 0.566929 0.653543
0.976378 0.574803 0.716535
0.913386 0.614173 0.763780
0.960630 0.622047 0.716535
0.968504 0.598425 0.708661
1.00000 0.527559 0.669291
0.976378 0.582677 0.606299
1.00000 0.614173 0.598425
0.968504 0.629921 0.622047
0.968504 0.653543 0.614173
0.976378 0.716535 0.614173
0.968504 0.732283 0.653543
0.921260 0.661417 0.582677
0.952756 0.598425 0.559055
0.913386 0.622047 0.535433
0.921260 0.622047 0.527559
0.976378 0.622047 0.472441
0.976378 0.685039 0.456693
1.00000 0.755906 0.393701
0.952756 0.779528 0.401575
0.992126 0.779528 0.362205
0.929134 0.842520 0.314961
0.937008 0.881890 0.314961
0.921260 0.850394 0.377953
0.850394 0.889764 0.409449
0.905512 0.866142 0.393701
0.952756 0.803150 0.354331
0.921260 0.803150 0.338583
0.897638 0.732283 0.275591
0.874016 0.692913 0.220472
0.905512 0.755906 0.220472
0.834646 0.708661 0.244094
0.866142 0.692913 0.204724
0.850394 0.692913 0.236220
0.913386 0.622047 0.307087
0.913386 0.669291 0.354331
0.944882 0.716535 0.370079
0.921260 0.692913 0.370079
0.858268 0.716535 0.314961
0.889764 0.732283 0.362205
0.850394 0.669291 0.307087
0.842520 0.645669 0.377953
0.842520 0.645669 0.377953
0.826772 0.716535 0.330709
0.763780 0.653543 0.283465
0.740157 0.614173 0.330709
0.716535 0.629921 0.354331
0.771654 0.606299 0.314961
0.724409 0.677165 0.259843
0.724409 0.748031 0.259843
0.732283 0.724409 0.236220
0.748031 0.677165 0.173228
0.795276 0.637795 0.212598
0.866142 0.692913 0.181102
0.842520 0.708661 0.165354
0.858268 0.771654 0.181102
0.787402 0.763780 0.118110
0.732283 0.724409 0.141732
0.685039 0.763780 0.204724
0.669291 0.826772 0.244094
0.724409 0.771654 0.307087
0.748031 0.795276 0.275591
0.740157 0.858268 0.346457
0.779528 0.826772 0.417323
0.779528 0.866142 0.362205
0.755906 0.897638 0.354331
0.732283 0.874016 0.354331
0.708661 0.921260 0.377953
0.779528 0.850394 0.409449
0.732283 0.803150 0.370079
0.779528 0.866142 0.417323
0.779528 0.889764 0.464567
0.732283 0.881890 0.511811
0.787402 0.881890 0.480315
0.740157 0.905512 0.496063
0.771654 0.858268 0.527559
0.787402 0.889764 0.551181
0.771654 0.874016 0.606299
0.818898 0.842520 0.669291
0.866142 0.913386 0.661417
0.866142 0.881890 0.661417
0.866142 0.913386 0.685039
0.834646 0.976378 0.653543
0.787402 0.968504 0.637795
0.850394 0.976378 0.661417
0.850394 0.952756 0.629921
0.826772 0.944882 0.700787
0.889764 0.889764 0.653543
0.850394 0.944882 0.653543
0.803150 0.984252 0.614173
0.732283 0.944882 0.551181
0.677165 0.921260 0.527559
0.653543 0.881890 0.472441
0.637795 0.874016 0.472441
0.708661 0.897638 0.519685
0.740157 0.897638 0.574803
0.708661 0.842520 0.543307
0.685039 0.771654 0.543307
0.614173 0.803150 0.543307
0.677165 0.858268 0.598425
0.685039 0.858268 0.582677
0.661417 0.897638 0.590551
0.629921 0.897638 0.653543
0.574803 0.937008 0.653543
0.503937 0.881890 0.692913
0.456693 0.905512 0.685039
0.519685 0.929134 0.669291
0.503937 0.937008 0.606299
0.488189 0.937008 0.559055
0.503937 0.992126 0.629921
0.448819 0.984252 0.653543
0.480315 0.944882 0.653543
0.425197 0.921260 0.606299
0.440945 0.937008 0.653543
0.448819 0.992126 0.669291
0.401575 0.952756 0.637795
0.417323 0.992126 0.574803
0.456693 0.944882 0.535433
0.456693 0.874016 0.543307
0.448819 0.889764 0.606299
0.519685 0.818898 0.661417
0.574803 0.889764 0.645669
0.606299 0.881890 0.645669
0.598425 0.811024 0.637795
0.598425 0.881890 0.598425
0.543307 0.889764 0.559055
0.551181 0.937008 0.559055
0.511811 0.937008 0.622047
0.496063 0.960630 0.629921
0.496063 0.960630 0.637795
0.456693 0.889764 0.708661
0.480315 0.842520 0.653543
0.527559 0.811024 0.653543
0.511811 0.740157 0.653543
0.480315 0.740157 0.629921
0.543307 0.779528 0.622047
0.488189 0.787402 0.606299
0.488189 0.716535 0.614173
0.480315 0.724409 0.677165
0.448819 0.795276 0.661417
0.480315 0.842520 0.700787
0.456693 0.795276 0.700787
0.519685 0.803150 0.685039
0.511811 0.850394 0.755906
0.535433 0.834646 0.811024
0.511811 0.834646 0.881890
0.543307 0.795276 0.834646
0.472441 0.842520 0.905512
0.401575 0.913386 0.952756
0.456693 0.874016 0.881890
0.409449 0.929134 0.905512
0.377953 0.952756 0.905512
0.338583 0.905512 0.976378
0.393701 0.850394 0.992126
0.440945 0.858268 0.937008
0.377953 0.850394 0.968504
0.322835 0.889764 0.929134
0.338583 0.921260 0.976378
0.370079 0.921260 0.992126
0.370079 0.984252 0.992126
0.385827 0.921260 0.984252
0.330709 0.944882 0.913386
0.307087 0.881890 0.952756
0.275591 0.952756 0.937008
0.267717 0.897638 0.976378
0.236220 0.929134 0.937008
0.283465 0.944882 0.866142
0.346457 0.897638 0.881890
0.393701 0.968504 0.842520
0.393701 0.929134 0.905512
0.346457 0.984252 0.976378
0.338583 0.992126 0.921260
0.346457 0.992126 0.937008
0.346457 0.952756 0.984252
0.370079 0.881890 0.929134
0.362205 0.944882 0.905512
0.291339 0.913386 0.834646
0.314961 0.984252 0.842520
0.275591 0.913386 0.905512
0.204724 0.913386 0.937008
0.133858 0.976378 0.881890
0.102362 0.944882 0.850394
0.0866142 0.937008 0.874016
0.118110 0.881890 0.874016
0.0944882 0.834646 0.905512
0.0393701 0.866142 0.897638
0.0393701 0.937008 0.834646
0.0157480 0.968504 0.795276
0.0393701 0.913386 0.732283
0.0393701 0.968504 0.708661
0.0787402 0.913386 0.692913
0.102362 0.858268 0.740157
0.0866142 0.787402 0.716535
0.0866142 0.779528 0.669291
0.0787402 0.716535 0.700787
0.0472441 0.740157 0.708661
0.0393701 0.763780 0.637795
0.0393701 0.803150 0.692913
0.0787402 0.826772 0.685039
0.118110 0.795276 0.740157
0.118110 0.748031 0.732283
0.0708661 0.732283 0.779528
0.0866142 0.700787 0.740157
0.157480 0.645669 0.740157
0.220472 0.653543 0.669291
0.149606 0.708661 0.685039
0.188976 0.700787 0.708661
0.141732 0.645669 0.724409
0.196850 0.574803 0.724409
0.133858 0.527559 0.716535
0.102362 0.472441 0.787402
0.0472441 0.496063 0.834646
0.0472441 0.519685 0.779528
0.0157480 0.472441 0.811024
0.0629921 0.433071 0.811024
0.0866142 0.472441 0.881890
0.0393701 0.433071 0.913386
0.0629921 0.425197 0.921260
0.0472441 0.417323 0.968504
0.118110 0.433071 0.968504
0.0944882 0.409449 0.913386
0.0393701 0.472441 0.897638
0.0708661 0.527559 0.905512
0.0472441 0.472441 0.921260
0.0787402 0.456693 0.992126
0.0157480 0.409449 0.960630
0.0629921 0.480315 0.905512
0.0393701 0.433071 0.874016
0.0157480 0.362205 0.826772
0.0866142 0.385827 0.755906
0.0944882 0.385827 0.755906
0.0944882 0.362205 0.771654
0.102362 0.377953 0.724409
0.125984 0.362205 0.748031
0.0629921 0.299213 0.708661
0.118110 0.307087 0.700787
0.141732 0.307087 0.669291
0.110236 0.338583 0.740157
0.0787402 0.338583 0.708661
0.0708661 0.338583 0.763780
0.110236 0.283465 0.692913
0.110236 0.291339 0.692913
0.110236 0.291339 0.763780
0.0944882 0.259843 0.692913
0.0236220 0.244094 0.669291
0.0629921 0.307087 0.669291
0.0236220 0.283465 0.653543
0.0157480 0.259843 0.622047
0.0393701 0.299213 0.590551
0.0629921 0.228346 0.629921
0.0866142 0.299213 0.653543
0.133858 0.314961 0.606299
0.149606 0.283465 0.543307
0.133858 0.354331 0.496063
0.125984 0.291339 0.472441
0.102362 0.259843 0.409449
0.0787402 0.188976 0.385827
0.0393701 0.125984 0.385827
0.00787402 0.0944882 0.401575
0.00787402 0.110236 0.330709
0.0393701 0.0708661 0.307087
0.0708661 0.0708661 0.307087
0.125984 0.0472441 0.330709
0.173228 0.118110 0.354331
0.173228 0.165354 0.417323
0.165354 0.110236 0.393701
0.133858 0.0551181 0.456693
0.102362 0.0629921 0.519685
0.0314961 0.118110 0.472441
0.0629921 0.173228 0.543307
0.0393701 0.149606 0.543307
0.110236 0.149606 0.543307
0.181102 0.110236 0.566929
0.181102 0.165354 0.614173
0.157480 0.149606 0.614173
0.118110 0.110236 0.669291
0.0944882 0.157480 0.716535
0.0944882 0.141732 0.677165
0.133858 0.118110 0.653543
0.0708661 0.157480 0.637795
0.0551181 0.110236 0.685039
0.0944882 0.0787402 0.724409
0.125984 0.0866142 0.724409
