-5.654925344819046185e-01
-5.654925344819047295e-01
-5.655706019674685558e-01
-5.654283176792634924e-01
-5.651328364435811435e-01
-5.653336713459589102e-01
-5.656383863702564296e-01
-5.654583274922625469e-01
-5.647934947119771509e-01
-5.640940352243852818e-01
-5.635374896014949675e-01
-5.631761126925139971e-01
-5.630099044974427036e-01
-5.632130478469742352e-01
-5.636142979340657000e-01
-5.635286755305440876e-01
-5.630904902889923846e-01
-5.629880791788980376e-01
-5.631358197967391011e-01
-5.631912225284295692e-01
-5.631887042224437145e-01
-5.631798901514929456e-01
-5.631719754755371010e-01
-5.634361277855611805e-01
-5.637091841060354325e-01
-5.635963999736657293e-01
-5.630977753884517378e-01
-5.621836303155592907e-01
-5.611281003494569264e-01
-5.604934872410026747e-01
-5.602797909901967577e-01
-5.600001391064258760e-01
-5.596643649749687421e-01
-5.593118021369385406e-01
-5.590096054186269869e-01
-5.585982821075918814e-01
-5.582183776617145599e-01
-5.584320739125204769e-01
-5.592595173078972470e-01
-5.607309275196760145e-01
-5.628731664783732658e-01
-5.661696290139548449e-01
-5.703604499325394261e-01
-5.750558314433047435e-01
-5.802557735462509081e-01
-5.865835569728954368e-01
-5.937431008908927721e-01
-6.013118695316035378e-01
-6.092898628950278450e-01
-6.177295456892057945e-01
-6.265788729237616872e-01
-6.356296646371918380e-01
-6.448617743816090764e-01
-6.550592347539656579e-01
-6.658997025880630805e-01
-6.760938052191052261e-01
-6.855298977483825773e-01
-6.940405128278310798e-01
-7.018153628417237444e-01
-7.089900165956365408e-01
-7.158100928667304741e-01
-7.226440198207469967e-01
-7.294917974576861086e-01
-7.365611860213869821e-01
-7.435570400502988786e-01
-7.497974022834318353e-01
-7.552822727207859632e-01
-7.591973990935776406e-01
-7.617324937860798784e-01
-7.636464063353862741e-01
-7.650969505832817541e-01
-7.660879039887448227e-01
-7.664295541675026913e-01
-7.654574880569338102e-01
-7.632937595538232811e-01
-7.592715212330969354e-01
-7.526647454790111880e-01
-7.451022726032652255e-01
-7.367835524399447555e-01
-7.280077597401779510e-01
-7.175366434506833535e-01
-7.039906755523692716e-01
-6.898579423593336202e-01
-6.755615192772126409e-01
-6.611014063060060009e-01
-6.450946337417745591e-01
-6.277913533124538370e-01
-6.100977354553138721e-01
-5.919508225207066321e-01
-5.745174296154463844e-01
-5.582096355423633582e-01
-5.401428047381087172e-01
-5.206292071449377667e-01
-5.001372476762332431e-01
-4.800260560726011261e-01
-4.621586751024320816e-01
-4.443341053340238433e-01
-4.268243238138568763e-01
-4.095940742581281047e-01
-3.941182445392633626e-01
-3.802574883927080096e-01
-3.671774071017907537e-01
-3.548780006665115949e-01
-3.419783979712527344e-01
-3.287925478289264181e-01
-3.165762454911829615e-01
-3.050172210157671149e-01
-2.939702520908235028e-01
-2.838315521914718254e-01
-2.761859752181902161e-01
-2.707313244526671769e-01
-2.670143048174353773e-01
-2.645581170458256026e-01
-2.614555640711605511e-01
-2.579248990788876039e-01
-2.542935018471773612e-01
-2.505630512466873183e-01
-2.477098105646293180e-01
-2.457430135896185863e-01
-2.446765110045774627e-01
-2.445103028095061137e-01
-2.458907542074597330e-01
-2.483284744018393886e-01
-2.497966467916361843e-01
-2.504161500641748916e-01
-2.494313442880302378e-01
-2.473542850136746518e-01
-2.462331944429973218e-01
-2.450546272415823901e-01
-2.428687376457957237e-01
-2.400062631751226083e-01
-2.377901539075047699e-01
-2.373695968078546048e-01
-2.404683723235406800e-01
-2.480770141423620234e-01
-2.631881092109313314e-01
-2.863741524233832103e-01
-3.184938861209195005e-01
-3.595473103035403128e-01
-4.527852192622360827e-01
-5.663510422750001050e-01
-6.524599232588222941e-01
-7.117962488992903847e-01
-7.305962425195819954e-01
-7.124795492568056776e-01
-6.719247496593990787e-01
-6.266103517485857033e-01
-6.030541175562023071e-01
-5.987327044843475665e-01
-6.035527421414162985e-01
-6.029357571748636957e-01
-5.750140395558714923e-01
-5.173028607116565425e-01
-3.775494700225052180e-01
-1.970473701750307116e-01
-3.773681519915184773e-02
1.003821949051312140e-01
1.800628653117621047e-01
2.066561765231764158e-01
1.980687531111571809e-01
1.731375238504563041e-01
1.627956806015729563e-01
1.621770167643629690e-01
1.518167059382494744e-01
1.254651521014843729e-01
6.730739366243118638e-02
-1.588904175938924898e-02
-9.705404368589334863e-02
-1.798760909511389616e-01
-2.698879018062130264e-01
-3.704438598243732783e-01
-4.719347389398099724e-01
-5.696651576417575136e-01
-6.565920436640680924e-01
-7.327153970067414868e-01
-7.873817340551358956e-01
-8.178730231747708412e-01
-8.117787226888216745e-01
-7.768275136681056514e-01
-7.181718501598344240e-01
-6.466053714987001211e-01
-6.053026350234724795e-01
-5.811382299354870273e-01
-5.544240400367481669e-01
-5.214040119492420189e-01
-4.670539321609140648e-01
-3.974177350379947127e-01
-3.215613221298296853e-01
-2.394360061873578860e-01
-1.641783205273476265e-01
-9.642869434588745292e-02
-3.714777143710970564e-02
1.366444819898550780e-02
5.240678700251914096e-02
8.064832948172423466e-02
1.045961602549197178e-01
1.242502793221056251e-01
1.377870134318047168e-01
1.447192802345717844e-01
1.430987503326262289e-01
1.336437705084543848e-01
1.167912668506149443e-01
9.198931063052505352e-02
5.703018693385335930e-02
1.257201305825597464e-02
-4.039803504978271148e-02
-1.022644187707812680e-01
-1.709638060669348703e-01
-2.588048371621378130e-01
-3.842504723922312015e-01
-5.473007117572151747e-01
-6.460606978897435182e-01
-6.950713394114047539e-01
-7.159304678928578580e-01
-7.094067962363077573e-01
-7.053069940912148894e-01
-7.056624949528952362e-01
-7.185990328026142793e-01
-7.415659833942904733e-01
-7.723648656022068515e-01
-8.046646581777370244e-01
-8.131412761263751010e-01
-7.854197638332648390e-01
-7.029376878761194325e-01
-5.663884218363991474e-01
-4.786166441558092899e-01
-4.290034979270144211e-01
-4.016206977890112717e-01
-3.964682437417997307e-01
-3.872644649397243288e-01
-3.693120012030307597e-01
-3.292281248249926406e-01
-2.689657820976985025e-01
-1.898269372158735979e-01
-9.836164408925406055e-02
-2.077011835678375939e-02
4.285362322472918012e-02
9.236855552007273984e-02
1.276600956068871806e-01
1.482699117957332613e-01
1.576984494070528542e-01
1.611963764215088024e-01
1.583708371052960362e-01
1.506629320588626642e-01
1.366579129551133698e-01
1.142336573034051367e-01
8.339016510373800650e-02
4.049163208892641447e-02
-1.295815330943180660e-02
-7.319477333986973422e-02
-1.402182280023873684e-01
-2.232853903835967935e-01
-3.366511315168512763e-01
-5.373349355355639956e-01
-8.248297835012343704e-01
-9.310905440128534050e-01
-8.927703212602946525e-01
-8.564815320030522150e-01
-8.317996150349582507e-01
-8.330877285467611637e-01
-8.562830055478281022e-01
-8.814981738084425311e-01
-9.102521915557841847e-01
-9.448234961306228863e-01
-9.852120875329583027e-01
-1.000000000000000000e+00
-9.729332472632310491e-01
-8.419737810769450936e-01
-6.071216014411424666e-01
-5.406937261442972265e-01
-6.065893994427828950e-01
-6.604055983620937820e-01
-6.933148209862189937e-01
-6.873497935408808823e-01
-6.477922431139021553e-01
-5.957690780565730870e-01
-5.312022308833295181e-01
-4.539746003658259865e-01
-3.632433934341048887e-01
-2.777985304845136949e-01
-1.994036651425319107e-01
-1.307042778463782806e-01
-7.170036859605277701e-02
-1.832907040092270762e-02
3.035482091906415922e-02
7.713487291368843757e-02
1.217617732903430450e-01
1.595095011487672743e-01
1.913476042935438048e-01
2.211542739430040483e-01
2.494701064487940267e-01
2.754439143876696861e-01
2.983252425758241011e-01
3.151122702780293494e-01
3.268274297245728488e-01
3.350043692608855594e-01
3.394735229505816410e-01
3.405261748527000920e-01
3.386424819752249515e-01
3.355399290005599000e-01
3.314678282213120997e-01
3.280190081735817609e-01
3.258583016376543351e-01
3.266062385154753778e-01
3.302628188070448334e-01
3.371512251138903404e-01
3.470011592601888739e-01
3.587314285426478899e-01
3.718920956251149379e-01
3.843896087979537524e-01
3.960057148757173962e-01
4.058674011166167883e-01
4.137799185244070976e-01
4.194511436047200781e-01
4.227014371972261930e-01
4.212194141245068080e-01
4.146264890533436498e-01
4.023547839839097251e-01
3.844042989162050339e-01
3.625987071017068852e-01
3.370605660983969631e-01
3.084186129674290622e-01
2.766728477088032379e-01
2.425262974102580515e-01
2.064658345624065250e-01
1.704389491277007729e-01
1.341602330944020594e-01
9.892241686862082717e-02
6.492360718791684304e-02
3.295623100252922238e-02
2.983353157997682432e-03
-2.408088127278542115e-02
-4.823647228982008012e-02
-6.996819379539771788e-02
-8.861121300923295585e-02
-1.033819770117037767e-01
-1.151352708060341956e-01
-1.231554757745559614e-01
-1.273081623453535260e-01
-1.276393195825032412e-01
-1.241489474860051068e-01
-1.175451591341183516e-01
-1.095476118653915670e-01
-1.002301759887453125e-01
-8.959285150417958810e-02
-7.844766864578477106e-02
-6.688696529971159543e-02
-5.528009301056305974e-02
-4.428013246402351388e-02
-3.465300843781345813e-02
-2.561444849631491424e-02
-1.744650290995193934e-02
-1.009053112505220798e-02
-3.458572311107177381e-03
2.377182093619853009e-03
6.115236990616446100e-03
9.530652450121615896e-03
1.273423393551625406e-02
1.572598144680036406e-02
1.848688424270761299e-02
2.105387747769829968e-02
2.371320859883973425e-02
2.650852824322134926e-02
2.913596082187434183e-02
3.170295405686503892e-02
3.463929883645869290e-02
3.785769388647643868e-02
4.122718729564996132e-02
4.492070274167973137e-02
4.962993493536767969e-02
5.538174580723038976e-02
6.221642825304273677e-02
7.000974584416554125e-02
7.812624603681594948e-02
8.657516261960904180e-02
9.537034627546743526e-02
1.045117970043910882e-01
1.142649862290634200e-01
1.249669472339346721e-01
1.370308920595293967e-01
1.502519984856586499e-01
1.646231313120290474e-01
1.799212106000535327e-01
1.952539165953845746e-01
2.090454193273268979e-01
2.201612219492192213e-01
2.278622016541912154e-01
2.291918672147619518e-01
2.256183910207281706e-01
2.193440316567851212e-01
2.103687891229327755e-01
1.987965435410907478e-01
1.837270005212892909e-01
1.638097184785738125e-01
1.390446974129442570e-01
1.077467709021495412e-01
7.078622352316044086e-02
2.977435138930744490e-02
-1.381374776815131634e-02
-5.802512765712759812e-02
-1.015047297983592417e-01
-1.388323202747975549e-01
-1.708273978260303749e-01
-1.992212978173841798e-01
-2.240601891919343225e-01
-2.455287477219823267e-01
-2.632853232287704626e-01
-2.768174404441619552e-01
-2.860142939047761179e-01
-2.890475934648280565e-01
-2.867760814655197499e-01
-2.804878714186540556e-01
-2.701829633242310291e-01
-2.547186758411351670e-01
-2.349606766520297152e-01
-2.134367153902912706e-01
-1.907492967630534386e-01
-1.669999924450820405e-01
-1.423065332412193074e-01
-1.171398423708339687e-01
-9.166843647615120771e-02
-6.585076350840315951e-02
-3.970067415051244109e-02
-1.327357113416946857e-02
1.335852198942815913e-02
4.008756989348405408e-02
6.691357257799822322e-02
9.172430089727240388e-02
1.144948236220459103e-01
1.351877439084276655e-01
1.538030617564176694e-01
1.697290386702672849e-01
1.825339950322217575e-01
1.919801607854428882e-01
1.984207283444572589e-01
2.015819430350297703e-01
2.013668500767021308e-01
1.973876303476412852e-01
1.888168277551291740e-01
1.752551624161694244e-01
1.578476241190311380e-01
1.368804603107816875e-01
1.108134750504265881e-01
8.165126952989497366e-02
5.047256752504195726e-02
1.758900940162631474e-02
-1.604044873447469516e-02
-4.897737272444512707e-02
-8.122176256828497753e-02
-1.130261895428183450e-01
-1.443352509163547681e-01
-1.750658425913586003e-01
-2.042076794605334478e-01
-2.297483387698292800e-01
-2.519648341776982714e-01
-2.676715086119398346e-01
-2.760096197313521293e-01
-2.791056547375828645e-01
-2.904762506709927528e-01
-3.598730605896025558e-01
-4.672007434039270324e-01
-5.823162874797380706e-01
-6.857531875458017234e-01
-6.988836349564374606e-01
-6.532871867752001460e-01
-5.963331785974210764e-01
-5.280216104231004737e-01
-4.731336624479445252e-01
-4.325788628505377598e-01
-4.098914442232998723e-01
-4.039910532982673441e-01
-4.067242547283292931e-01
-4.023197375589389058e-01
-3.276922579719074302e-01
-2.052534800890137290e-01
-6.699344484951860745e-02
6.606544909370365426e-02
1.098336071291563382e-01
9.279978544033000432e-02
5.769711830246029155e-02
4.067274026108118334e-03
-4.648079329996298442e-02
-8.844836255547618153e-02
-1.135873520600162723e-01
-1.218977618135832358e-01
-1.107364198251120369e-01
-9.353387163522841607e-02
-9.876942977997560380e-02
-1.244901479672653744e-01
-2.025895320735647542e-01
-3.167450139640066720e-01
-4.016663210991230359e-01
-4.543180553305402047e-01
-4.701471194356979799e-01
-4.555180281328355951e-01
-4.358888402949104290e-01
-4.167167249934314865e-01
-4.061874358356621362e-01
-4.067599307297967703e-01
-4.383464131348124848e-01
-4.837489517551333273e-01
-5.171706496473951198e-01
-5.386115068115979732e-01
-5.000558224493548698e-01
-4.209241007758900976e-01
-3.672637849971081003e-01
-3.390748751130089889e-01
-3.361496108797533688e-01
-3.519824524438900926e-01
-3.605512403916133479e-01
-3.618559747229233570e-01
-3.553258394143428145e-01
-3.383541359398359871e-01
-3.005140701952610516e-01
-2.487351808185669921e-01
-1.934117757666772852e-01
-1.348695559471055072e-01
-8.923155571710023048e-02
-5.308127328908390091e-02
-2.129395598169024281e-02
6.130396205080758561e-03
2.493269827252603266e-02
3.638595389653287437e-02
4.319293497650000119e-02
4.535364151242741310e-02
4.289745374081763152e-02
3.553392703796010021e-02
2.210128290901276077e-02
2.428276546932402625e-03
-2.358246654640356113e-02
-5.532361491072185222e-02
-9.036584270492924176e-02
-1.274718222546057933e-01
-1.647855620481214478e-01
-2.033643308819023665e-01
-2.433858791867886395e-01
-3.040795717536727283e-01
-4.142894557688934776e-01
-5.740155312324506376e-01
-6.257870755500190008e-01
-6.054870109974422876e-01
-5.665829609738121109e-01
-5.090749254791286926e-01
-4.574303457550175089e-01
-4.119308523542384304e-01
-3.755589589994601796e-01
-3.557386317372029927e-01
-3.524698705674666477e-01
-3.648616148888965682e-01
-3.893496222960739495e-01
-3.874936307844439320e-01
-3.269338281524783452e-01
-2.076702144001772998e-01
-1.877737083818457053e-01
-2.308216309053225945e-01
-2.821799631823664889e-01
-3.418487052129773329e-01
-3.847927476145346359e-01
-4.126880230206744771e-01
-4.261924388702207356e-01
-4.178820291166537304e-01
-3.887955949791694898e-01
-3.389432096817112661e-01
-2.683651661200543437e-01
-1.972280586295210303e-01
-1.324622652833891689e-01
-7.447407278072186443e-02
-2.488862791777227829e-02
1.544707905885867559e-02
4.526256277926964111e-02
6.504133799275903238e-02
7.599030284308352923e-02
7.989619542725999446e-02
7.943912289081379863e-02
7.461908523374495561e-02
6.432802782224453231e-02
4.854832251441101171e-02
2.769423064492976261e-02
1.765752213800824691e-03
-2.554779450958929304e-02
-5.375617929331297229e-02
-8.089848120965988099e-02
-1.065247629224773118e-01
-1.495861164112124997e-01
-2.172697869597079168e-01
-3.383247557033334796e-01
-4.559145354103201764e-01
-4.847843952330146977e-01
-4.424936433759739107e-01
-3.971326568044208916e-01
-3.556914134999668575e-01
-3.286548804350290509e-01
-3.160230576096071387e-01
-3.424270761544124797e-01
-3.954520233329443246e-01
-4.566853888726131738e-01
-5.261271727734188053e-01
-5.841513770516849613e-01
-6.181317191551586321e-01
-5.923694489191010382e-01
-5.638118590386619333e-01
-6.085537620553406191e-01
-7.094236688864135054e-01
-7.977356232009852333e-01
-8.678200787893999291e-01
-9.111727163371744487e-01
-9.279782116166098715e-01
-8.960523874799901645e-01
-8.307582535380100275e-01
-7.551403242067125099e-01
-6.701303727008915967e-01
-5.794554918797224508e-01
-4.884565050781640716e-01
-4.051446472986551250e-01
-3.295199185411957221e-01
-2.702159111608802844e-01
-2.258752582312929802e-01
-1.934923615582270218e-01
-1.715528798088102325e-01
-1.560770500899454905e-01
-1.469794598569434674e-01
-1.439184589310462670e-01
-1.450894712145034404e-01
-1.469026515243725961e-01
-1.484723955889352687e-01
-1.462562863213174025e-01
-1.408797030413581619e-01
-1.332807147288162519e-01
-1.235298339512976712e-01
-1.126016451253570999e-01
-1.013825919580416679e-01
-9.120234000992212542e-02
-8.206088928099845858e-02
-7.466231615317008019e-02
-6.903201354512845944e-02
-6.495991276588064522e-02
-6.138643657184684327e-02
-5.748977777628545144e-02
-5.328840395642658878e-02
-4.885618542119087027e-02
-4.493896046007771206e-02
-4.199757906851218220e-02
-3.993105717645853425e-02
-3.833545850377368530e-02
-3.729388714799329596e-02
-3.693099925542087103e-02
-3.709720745049220614e-02
-3.819833674283983072e-02
-4.010973098616023302e-02
-4.268351377160316956e-02
-4.592946205181991370e-02
-4.996299818449889685e-02
-5.506004950001996967e-02
-6.147291569318914795e-02
-6.841210783741756563e-02
-7.666711485929410264e-02
-8.503947494011493413e-02
-9.334384075931567715e-02
-1.015462151860862666e-01
-1.096239334665533860e-01
-1.177496674478188676e-01
-1.266141045182903047e-01
-1.361635208169345301e-01
-1.462782227415967973e-01
-1.570676331562931849e-01
-1.690085513276929352e-01
-1.816403741531147087e-01
-1.942721969785364544e-01
-2.069040198039582557e-01
-2.176313737275209492e-01
-2.274754318265189423e-01
-2.364317870654768228e-01
-2.445344365752046278e-01
-2.516699263291293232e-01
-2.578151718557132877e-01
-2.628778352688058151e-01
-2.669116404294400446e-01
-2.699971731291656574e-01
-2.716592550798790362e-01
-2.699971731291656574e-01
-2.656178390196344274e-01
-2.594316203651989561e-01
-2.513428215383937125e-01
-2.415573140535685892e-01
-2.306429759105506350e-01
-2.194516241090804509e-01
-2.079832586491580926e-01
-1.970665324573604160e-01
-1.872000701189013849e-01
-1.791318085116021530e-01
-1.728617476354626648e-01
-1.689669992789250286e-01
-1.678543277508085796e-01
-1.711507902863901309e-01
-1.770814008832538311e-01
-1.840571084642782240e-01
-1.921736086569286461e-01
-2.018136839710663322e-01
-2.135867644552862377e-01
-2.264817502562376239e-01
-2.403086891509819134e-01
-2.540861613210025904e-01
-2.673155421810856081e-01
-2.792488948534099791e-01
-2.898862193379757035e-01
-2.989076308149034578e-01
-3.061238366175841330e-01
-3.111239331526469143e-01
-3.151960339318947146e-01
-3.190372899957656383e-01
-3.226038408483380970e-01
-3.257202445059257934e-01
-3.276039373834008783e-01
-3.288504988464359680e-01
-3.296498811179695010e-01
-3.302909698703875851e-01
-3.308039847755212537e-01
-3.312342553411171675e-01
-3.315297365767995164e-01
-3.312250215525021080e-01
-3.304493833088358867e-01
-3.293967314067173802e-01
-3.280670658461466438e-01
-3.256870568306111657e-01
-3.226745332949432221e-01
-3.197658898811947537e-01
-3.167741423699105829e-01
-3.135977190863249997e-01
-3.102527791605143026e-01
-3.068039591127840748e-01
-3.033249193932225918e-01
-2.998395839086963055e-01
-2.963307442349680243e-01
-2.927295666750890368e-01
-2.891258708092240837e-01
-2.856543860076204422e-01
-2.822378842200428672e-01
-2.795023743428270424e-01
-2.772862650752092040e-01
-2.753471694660435398e-01
-2.736850875153302165e-01
-2.722076813369182502e-01
-2.707325836056601598e-01
-2.689458455086432553e-01
-2.667435869239480062e-01
-2.637333718354337164e-01
-2.599659860804833800e-01
-2.556445730086285839e-01
-2.506885468283195362e-01
-2.446076773076286681e-01
-2.374791924967912526e-01
-2.296120045967479095e-01
-2.200651066040895387e-01
-2.074269880137028788e-01
-1.916187419046955498e-01
-1.723939940081105904e-01
-1.514517614291218672e-01
-1.313405698254898057e-01
-1.120604191972144198e-01
-1.008944603144357050e-01
-9.781960870561591526e-02
-1.028474066065239168e-01
-1.159778540171597372e-01
-1.383420900428699307e-01
-1.689076092294235498e-01
-2.035443897598962770e-01
-2.429810614995505103e-01
-2.834082669270035493e-01
-3.245909641502354170e-01
-3.655889856011658723e-01
-4.051918655358914267e-01
-4.415839053385569590e-01
-4.747332064666740514e-01
-4.975522065816767037e-01
-5.108211608215387223e-01
-5.157104518932204007e-01
-5.122200797967223496e-01
-4.989303495324765580e-01
-4.769984227010174993e-01
-4.507413053387247515e-01
-4.201589974455983700e-01
-3.914234472754866689e-01
-3.652632846936522681e-01
-3.445930291611438712e-01
-3.290903375117625873e-01
-3.221079144481090450e-01
-3.233452421225290752e-01
-3.316002491444055567e-01
-3.445997446437730205e-01
-3.589339423156830411e-01
-3.742804989939367277e-01
-3.900079494525622859e-01
-4.067118730572318319e-01
-4.252856388564540957e-01
-4.457292468502288552e-01
-4.660458902505462131e-01
-4.859455441513602647e-01
-5.039564685627272445e-01
-5.200786634846471523e-01
-5.313992883267283363e-01
-5.379711075953428345e-01
-5.400051793159778013e-01
-5.390359912693929445e-01
-5.356161317405008226e-01
-5.275827356453861583e-01
-5.167792029657490849e-01
-5.039645511257487831e-01
-4.902773062616240241e-01
-4.757174683733746412e-01
-4.610121983144379043e-01
-4.475770358795046477e-01
-4.375352907606111508e-01
-4.308869629577576355e-01
-4.328722275099985972e-01
-4.706410611709714864e-01
-5.856175587805594329e-01
-7.778017203387624923e-01
-8.754398011545593272e-01
-8.933600665504328742e-01
-8.803807174989528583e-01
-8.350225010639843459e-01
-8.008325519589483132e-01
-7.814120477437238588e-01
-7.911656986578268214e-01
-8.251049084301971259e-01
-8.757467826542439937e-01
-9.346214188639583309e-01
-9.616856532947417602e-01
-9.310202413040796765e-01
-8.037463159282014491e-01
-5.798638771671071890e-01
-4.297940361477641247e-01
-3.482714347712581038e-01
-2.965403932082966709e-01
-2.746009114588798816e-01
-2.476751838573229558e-01
-2.124826971392884123e-01
-1.559013982474269089e-01
-8.137968751180457705e-02
1.351511864998650343e-02
1.133508411561710699e-01
1.563987636796479452e-01
1.314650161129611305e-01
2.175879329492636308e-02
-1.510866490329285383e-01
-3.036200648547734415e-01
-4.287637551971539840e-01
-5.187971515321073701e-01
-5.853041735885106123e-01
-6.172966129144249470e-01
-6.316761400940816840e-01
-6.529936002649738835e-01
-6.812489934271015457e-01
-7.122745231737513949e-01
-7.391079128891576699e-01
-7.336045748745734230e-01
-6.824376338524600349e-01
-5.696205476500068032e-01
-4.201328970028441190e-01
-3.205077048770831882e-01
-2.680473619005967478e-01
-2.558094740829738312e-01
-2.713760587527981882e-01
-3.114108641399103150e-01
-3.586915553645373955e-01
-3.873846301070195675e-01
-3.964706781042527939e-01
-3.936451387880400832e-01
-3.804315872798685327e-01
-3.594108674976516649e-01
-3.317649043841189305e-01
-2.979175288367021390e-01
-2.557328816052018006e-01
-2.100528256652314796e-01
-1.635749703889187723e-01
-1.261126505422332789e-01
-9.833372087264337369e-02
-8.290960037002308158e-02
-7.801703550055946734e-02
-8.092114596353323919e-02
-9.200169230162251466e-02
-1.127777166855399582e-01
-1.415846188585861698e-01
-1.759254984357122298e-01
-2.164248953014285826e-01
-2.629262547669433125e-01
-3.176817818190059706e-01
-3.810436195779822732e-01
-4.530117680438722760e-01
-5.127082114403282986e-01
-5.602991579624218010e-01
-5.964494403904381237e-01
-6.229823122581901185e-01
-6.008866955376457319e-01
-5.368203616791057398e-01
-4.574143964837733556e-01
-3.837728336902332948e-01
-3.300825500702187498e-01
-2.960098700805942062e-01
-2.802200915488168853e-01
-2.732018690373242409e-01
-2.606881843897717044e-01
-2.426790376061595533e-01
-2.342855237550569014e-01
-2.276371959522033028e-01
-2.227340541975987853e-01
-2.195760984912433489e-01
-2.575200443577378984e-01
-3.295920729455474318e-01
-4.102861516526827290e-01
-4.786392718757710996e-01
-5.187139144651939926e-01
-5.305908750713335120e-01
-5.145933362957170187e-01
-4.793254238444765170e-01
-4.355637837774579690e-01
-3.833407343548141388e-01
-3.227855486171561927e-01
-2.628901590478117112e-01
-2.053367940453815765e-01
-1.506542978669108690e-01
-1.033472903447309049e-01
-6.478698908818017466e-02
-3.703022051126647618e-02
-2.007698461398986500e-02
-1.557782111129485739e-02
-2.228847698730018062e-02
-3.741342273879207786e-02
-5.839720736654866601e-02
-8.443649126105851055e-02
-1.150280329428000486e-01
-1.481588664936870359e-01
-1.810038723151710660e-01
-2.107450660089970895e-01
-2.368397526351973814e-01
-2.571171524339008196e-01
-2.749089842244918924e-01
-2.952128262360475541e-01
-3.392395303527223627e-01
-4.921441444768933082e-01
-6.912615621723579018e-01
-8.425941237848124654e-01
-9.461418293142568325e-01
-9.732683918181918026e-01
-9.428799934859819487e-01
-8.845132156500965515e-01
-7.998716923100167575e-01
-6.909683893838293178e-01
-5.680574291285738209e-01
-4.721553005724109520e-01
-3.963983607506900153e-01
-3.330881482644255098e-01
-2.616555595382097921e-01
-9.982418027041567443e-02
9.500506599220842618e-02
2.367307939295394958e-01
3.253530035415775901e-01
3.331357022757930331e-01
2.787856224874650790e-01
1.911305862772229580e-01
7.324148791590877339e-02
-7.400446267804570988e-02
-2.391046031155762419e-01
-3.792042608777927426e-01
-4.974198396222828666e-01
-5.891113605699717093e-01
-6.528545118269841740e-01
-6.829520458178193199e-01
-6.893843029670800870e-01
-6.839188234858175619e-01
-6.665556073740316334e-01
-6.372946546317224126e-01
-5.973543216948822288e-01
-5.493298667852110073e-01
-4.963727699650998804e-01
-4.388053744007480717e-01
-3.782778900289352486e-01
-3.172656317548311344e-01
-2.557685995784355626e-01
-1.993963200834063254e-01
-1.490975650499422045e-01
-1.082519011111605506e-01
-7.301576375603660574e-02
-4.193483127769612184e-02
-1.557698167596621545e-02
3.786273049844832844e-03
1.760044053566047276e-02
2.761826174768756970e-02
3.402651104654920433e-02
3.757228587473777914e-02
3.874077985220902159e-02
3.825978340889650553e-02
3.611754445019924042e-02
3.115899996390427903e-02
2.365192981984878817e-02
1.399800382278848683e-02
2.197221972723385850e-03
-1.026146731616576178e-02
-2.268552989774838546e-02
-3.261646955326091141e-02
-4.055291086791736749e-02
-4.601931372804143189e-02
-4.929567919428428507e-02
-5.150201150925089177e-02
-5.273568517106383413e-02
-5.314276192690700618e-02
-5.445395991024757493e-02
-5.484177903208069943e-02
-5.463124865165700644e-02
-5.430991280785241182e-02
-5.387777150066692944e-02
-5.371571851047236834e-02
-5.493457860766218920e-02
-5.920058894782657954e-02
-6.651374953096551856e-02
-7.644534874280770054e-02
-8.882157409177525442e-02
-1.028925643474618151e-01
-1.184398744534879144e-01
-1.354635044098535801e-01
-1.521968082510257170e-01
-1.703235747377454257e-01
-1.896203461855279215e-01
-2.090971765113043834e-01
-2.289756766418366007e-01
-2.501422902841716756e-01
-2.713086520959081538e-01
-2.905422140634437711e-01
-3.075323851151807175e-01
-3.222734690828173987e-01
-3.354395325352541035e-01
-3.480962865899366321e-01
-3.604621763032443416e-01
-3.739915233820513274e-01
-3.887362049296678723e-01
-4.048344759447214947e-01
-4.222863364272121389e-01
-4.431546986972803026e-01
-4.669224705924818752e-01
-4.915212834630401373e-01
-5.172533340272664759e-01
-5.424481459811614226e-01
-5.669546209655689228e-01
-5.901683655438658693e-01
-6.113145809077149551e-01
-6.292310688446094424e-01
-6.440420657831888995e-01
-6.547901957311353938e-01
-6.625465781677981614e-01
-6.689178923121993359e-01
-6.739041381643394724e-01
-6.798022206422182911e-01
-6.861181320549293305e-01
-6.928495639553184926e-01
-6.999965163433862214e-01
-7.088978885683179243e-01
-7.195124001633640409e-01
-7.316749292615255529e-01
-7.454862081022397557e-01
-7.610973350446620378e-01
-7.780321033647086271e-01
-7.957055747739610885e-01
-8.124447546624337102e-01
-8.257401511151477580e-01
-8.352878885431347378e-01
-8.361674069087207117e-01
-8.304166033592522700e-01
-8.210923236157501304e-01
-8.081945676782141819e-01
-7.925082075789257052e-01
-7.746913408641216137e-01
-7.569885385969155056e-01
-7.395244569236107957e-01
-7.223821999417432416e-01
-7.059275886296805247e-01
-6.903040182929747193e-01
-6.760856626964173444e-01
-6.636720930564428134e-01
-6.532379119214086760e-01
-6.454815294847462415e-01
-6.389027069271043802e-01
-6.312510860194564533e-01
-6.224494387115675487e-01
-6.121888528024969078e-01
-6.010252023668718468e-01
-5.897922985166338394e-01
-5.783654851054792490e-01
-5.671118052308572466e-01
-5.560035575269227648e-01
-5.449645632376013404e-01
-5.339948223628929735e-01
-5.245024876665965730e-01
-5.166101167066937672e-01
-5.108079397151124024e-01
-5.073477872904453845e-01
-5.067333206298786363e-01
-5.088386244341156495e-01
-5.131600375059705010e-01
-5.188891836239597488e-01
-5.248134984558586735e-01
-5.307600583239665548e-01
-5.355870213224966925e-01
-5.395936461461103839e-01
-5.432288208367993532e-01
-5.464975820065358647e-01
-5.484736127701617114e-01
-5.491636286103064313e-01
-5.485944914574863995e-01
-5.467662013117015052e-01
-5.424447882398467646e-01
-5.359593108907499959e-01
-5.286260038597235811e-01
-5.205422416448902689e-01
-5.125172399030619719e-01
-5.046925274306479636e-01
-4.976342194132850061e-01
-4.910569078392346132e-01
-4.845324806908887227e-01
-4.780688286603366755e-01
-4.716975145159353899e-01
-4.655830675820988862e-01
-4.599722818454481388e-01
-4.550783738794588196e-01
-4.528622646118410366e-01
-4.530410643368419366e-01
-4.548756502475915231e-01
-4.583660223440896297e-01
-4.627797733020951321e-01
-4.679820898078280722e-01
-4.738492390938463528e-01
-4.803812211601499738e-01
-4.881782322667189145e-01
-4.973012154184123235e-01
-5.079939426346684606e-01
-5.199609326798049214e-01
-5.327589637002980716e-01
-5.461479571921559195e-01
-5.591675991394109424e-01
-5.713335353574358066e-01
-5.819192345692899559e-01
-5.907282689080709526e-01
-5.970441803207818809e-01
-6.010331770024940345e-01
-6.022058681566084815e-01
-6.003775780108238092e-01
-5.959470383462452947e-01
-5.888403788539525729e-01
