0.00000 295.954 0.00107100 1.00000e-06 0.496925
3.37891 295.954 0.00107100 1.00000e-06 0.496925
23.3562 0.00000 0.00111200 1.00000e-06 0.00000
43.3336 0.00000 0.00551400 2.90000e-05 0.00000
63.3109 0.00000 0.0166860 0.000275000 0.00000
83.2882 0.00000 0.0387620 0.000444000 0.00000
103.266 0.00000 0.133541 0.0119000 0.00000
105.334 483.538 0.509024 0.211015 0.483725
125.311 0.00000 0.537449 0.228702 0.00000
134.656 107.012 1.12642 1.08279 0.485518
144.024 106.742 1.38623 1.65652 0.580938
153.377 106.922 1.61740 2.23784 0.665419
162.744 106.755 1.79606 2.77072 0.780683
172.118 106.675 1.88032 3.06482 0.771963
181.496 106.628 1.96815 3.40859 0.787188
190.914 106.180 2.02077 3.67085 0.736018
200.355 105.921 1.98830 3.59053 0.737126
209.828 105.571 1.96416 3.58181 0.758101
219.288 105.703 1.96180 3.63116 0.762423
228.729 105.924 1.93845 3.56083 0.763477
238.104 106.662 1.91488 3.49257 0.784696
247.421 107.333 1.97685 3.72103 0.850888
256.719 107.550 2.02528 3.90495 0.849993
265.974 108.050 2.10091 4.21203 0.840444
275.152 108.964 2.18764 4.55911 0.781468
284.207 110.430 2.28718 4.96968 0.725755
293.136 111.991 2.36908 5.31170 0.701415
301.964 113.278 2.44523 5.63323 0.729171
310.700 114.466 2.48920 5.82284 0.758906
319.367 115.381 2.45650 5.63294 0.765064
327.983 116.071 2.40040 5.30688 0.721200
336.532 116.967 2.31505 4.82827 0.685781
344.997 118.138 2.18041 4.17062 0.645920
353.265 120.948 2.07314 3.65341 0.638743
361.466 121.935 1.98454 3.30231 0.671354
369.608 122.813 1.93799 3.09331 0.705913
377.712 123.404 1.89673 2.95450 0.689328
385.718 124.912 1.87621 2.88260 0.693286
393.664 125.836 1.85887 2.89107 0.737083
401.547 126.860 1.81355 2.81468 0.783852
409.423 126.969 1.80527 2.76984 0.796786
417.273 127.383 1.76053 2.67669 0.845950
425.127 127.329 1.73066 2.59915 0.855347
432.982 127.315 1.70040 2.56764 0.862223
440.856 126.995 1.68091 2.52319 0.844609
448.763 126.471 1.68643 2.53734 0.834270
456.702 125.951 1.68310 2.52576 0.851197
464.665 125.595 1.67686 2.52155 0.836807
472.647 125.275 1.66751 2.48982 0.825336
480.647 124.998 1.65885 2.43447 0.837699
488.672 124.610 1.65459 2.40023 0.805979
496.734 124.041 1.64097 2.33665 0.796393
504.835 123.446 1.61500 2.26517 0.809907
512.949 123.244 1.59765 2.23597 0.809976
521.055 123.353 1.59975 2.25694 0.805558
529.181 123.067 1.62553 2.38296 0.830936
537.306 123.077 1.60937 2.36532 0.776428
545.436 122.997 1.53003 2.17409 0.752019
553.562 123.061 1.41575 1.88418 0.736053
561.662 123.458 1.27295 1.53402 0.706656
569.809 122.752 1.09366 1.13707 0.678706
577.975 122.456 0.857248 0.700003 0.589770
586.229 121.155 0.546968 0.286412 0.542772
594.355 123.064 0.311067 0.0950010 0.542614
614.332 0.00000 0.184627 0.0328750 0.00000
634.310 0.00000 0.0877960 0.00659400 0.00000
654.287 0.00000 0.346689 0.106458 0.00000
674.264 0.00000 1.25362 1.46355 0.00000
681.018 148.057 1.86171 3.24978 0.553883
687.693 149.819 2.06686 3.99640 0.552825
694.292 151.533 2.23955 4.67643 0.553174
700.836 152.811 2.35016 5.15135 0.572544
707.268 155.482 2.38282 5.28987 0.625331
713.620 157.421 2.39479 5.33508 0.695340
719.917 158.808 2.41352 5.40509 0.742885
726.168 159.988 2.45524 5.58819 0.809948
732.391 160.686 2.47049 5.65825 0.867200
738.607 160.885 2.47342 5.66618 0.892859
744.836 160.537 2.46842 5.64181 0.862735
751.097 159.706 2.45280 5.57199 0.808746
757.401 158.641 2.41403 5.40306 0.760187
763.745 157.637 2.35490 5.15231 0.706158
770.129 156.623 2.27759 4.82758 0.678886
776.572 155.218 2.19194 4.48965 0.665893
783.094 153.326 2.08750 4.09210 0.644933
789.732 150.639 1.95228 3.59894 0.596164
796.537 146.961 1.85357 3.26973 0.556191
803.568 142.228 1.79253 3.08502 0.550143
810.948 135.501 1.74456 2.94702 0.567715
818.750 128.168 1.71763 2.88363 0.627967
826.751 124.985 1.72061 2.87939 0.717259
834.861 123.299 1.71406 2.86282 0.798015
843.009 122.731 1.80155 3.16684 0.846006
851.194 122.184 1.88712 3.46631 0.865247
859.402 121.830 1.98753 3.85180 0.876318
867.614 121.766 2.06448 4.16058 0.858288
875.789 122.322 2.13914 4.47867 0.833953
883.915 123.061 2.23593 4.91215 0.833079
891.984 123.937 2.32278 5.30838 0.825540
899.981 125.051 2.34744 5.42751 0.833570
907.919 125.971 2.37544 5.55659 0.856112
915.821 126.554 2.35775 5.46335 0.884850
923.692 127.045 2.35169 5.42029 0.864297
931.562 127.063 2.28158 5.07963 0.832014
939.444 126.870 2.19072 4.68147 0.818712
947.350 126.493 2.10566 4.32091 0.806332
955.277 126.150 2.02708 3.99150 0.798697
963.213 126.014 1.96319 3.74117 0.793714
971.168 125.697 1.93732 3.63475 0.793299
979.143 125.391 1.85846 3.34131 0.849339
987.101 125.659 1.83093 3.24943 0.808045
995.060 125.652 1.71128 2.83553 0.784480