0.450000 0.447000
0.495000 0.488700
0.511500 0.468870
0.534150 0.439887
0.572415 0.391989
0.646224 0.329120
0.652622 0.323912
0.652622 0.323912
0.652622 0.323912
0.652622 0.323912
0.617026 0.347639
0.544703 0.382764
0.477470 0.410276
0.449747 0.434028
0.440975 0.448403
0.440975 0.448403
0.488610 0.443984
0.573861 0.428398
0.663386 0.423840
0.717339 0.423384
0.728734 0.423338
0.723873 0.426334
0.699387 0.438633
0.648939 0.460863
0.598894 0.478086
0.575889 0.488809
0.575889 0.488809
0.579589 0.495881
0.621959 0.496588
0.668196 0.493659
0.687820 0.493366
0.687820 0.493366
0.687820 0.493366
0.647078 0.499334
0.601708 0.508933
0.529217 0.525889
0.529217 0.525889
0.535922 0.526589
0.596592 0.526659
0.683659 0.520666
0.734366 0.517067
0.730437 0.516707
0.670044 0.528671
0.571004 0.538867
0.474100 0.548887
0.413410 0.555889
0.431341 0.556589
0.529134 0.553659
0.643913 0.541366
0.700391 0.540137
0.624104 0.540001
0.624104 0.540001
0.374341 0.558900
0.322434 0.580890
0.322434 0.580890
0.457124 0.583309
0.457124 0.583309
0.700271 0.583333
0.703027 0.583333
0.631303 0.583333
0.392413 0.595333
0.351241 0.602533
0.351241 0.602533
0.356124 0.606253
0.395612 0.609625
0.473456 0.613296
0.479346 0.613330
0.479346 0.613330
0.479346 0.613330
0.425093 0.603433
0.356151 0.653434
0.353615 0.671343
0.371361 0.691134
0.445136 0.705113
0.554514 0.706511
0.631451 0.706651
0.624145 0.700665
0.542415 0.691067
0.429241 0.693107
0.357924 0.696311
0.357924 0.696311
0.489579 0.703263
0.612958 0.700326
0.691296 0.694033
0.705130 0.690403
0.564451 0.670804
0.443445 0.673080
0.362345 0.691308
0.362345 0.691308
0.348234 0.702131
0.515582 0.722821
0.573558 0.723282
0.573558 0.723282
0.564356 0.717328
0.485436 0.695733
0.315054 0.693057
0.295505 0.699306
0.299551 0.705931
0.365955 0.712593
0.453595 0.713259
0.510360 0.713326
0.522036 0.707333
0.463204 0.691733
0.382320 0.687173
0.299232 0.686717
0.244192 0.712167
0.267419 0.719217
0.350742 0.719922
0.422074 0.704992
0.447207 0.679499
0.413721 0.622950
0.413721 0.622950
0.305637 0.590629
0.279564 0.596063
0.273956 0.608606
0.346540 0.660086
0.346540 0.660086
0.501765 0.670501
0.539177 0.634050
0.554918 0.567405
0.550949 0.452374
0.538095 0.429237
0.506809 0.423924
0.458681 0.456392
0.417868 0.537639
0.427479 0.698076
0.495748 0.750808
0.607575 0.765081
0.607575 0.765081
0.758476 0.673651
0.753848 0.595365
0.593138 0.464954
0.506314 0.454495
0.437631 0.480449
0.406763 0.540045
0.418676 0.615004
0.603887 0.725550
0.744389 0.726555
0.812439 0.681655
0.816244 0.626166
0.744624 0.557617
0.496746 0.484676
0.409675 0.489468
0.388967 0.513947
0.422897 0.549395
0.513290 0.591939
0.760233 0.606519
0.799023 0.588652
0.787902 0.562865
0.717790 0.536287
0.614779 0.527629
0.443848 0.560876
0.443848 0.560876
0.450838 0.620009
0.525084 0.656001
0.622508 0.662600
0.758325 0.616826
0.756832 0.571683
0.702683 0.528168
0.640268 0.517817
0.568027 0.525782
0.482380 0.616958
0.501238 0.682696
0.563124 0.737270
0.563124 0.737270
0.701312 0.754727
0.758513 0.654047
0.741851 0.569405
0.692185 0.515940
0.633219 0.489594
0.579322 0.486959
0.549932 0.516696
0.536799 0.595267
0.563680 0.632527
0.596368 0.645253
0.647637 0.646525
0.691764 0.613653
0.700818 0.493637
0.664082 0.451364
0.624408 0.441136
0.578441 0.449114
0.541284 0.531591
0.546128 0.569159
0.576613 0.599916
0.627661 0.608992
0.683766 0.606899
0.722338 0.534669
0.696234 0.491467
0.696234 0.491467
0.602462 0.460615
0.558246 0.484061
0.533583 0.590441
0.560358 0.650044
0.608036 0.692004
0.666804 0.702200
0.714680 0.688220
0.750247 0.571782
0.702025 0.498178
0.655202 0.481818
0.602520 0.480182
0.558252 0.522018
0.543182 0.652320
0.567318 0.701232
0.614732 0.730123
0.658473 0.736012
0.704847 0.724601
0.720448 0.626446
0.720448 0.626446
0.647404 0.562164
0.607740 0.566216
0.573774 0.599622
0.556838 0.694496
0.556838 0.694496
0.578268 0.744945
0.615827 0.749494
0.667583 0.737949
0.696676 0.621480
0.663668 0.554148
0.627367 0.529415
0.593737 0.526941
0.566374 0.550694
0.553464 0.663107
0.586346 0.729311
0.631635 0.762931
0.631635 0.762931
0.708163 0.775293
0.705482 0.664753
0.643548 0.585475
0.577355 0.553548
0.534735 0.550355
0.500474 0.577035
0.488047 0.630704
0.526580 0.744007
0.556658 0.764401
0.577666 0.766440
0.594767 0.745644
0.605477 0.689564
0.562555 0.580496
0.542255 0.577050
0.519226 0.588705
0.498923 0.628870
0.520689 0.755689
0.541069 0.780569
0.585107 0.792057
0.622511 0.793206
0.644251 0.763321
0.603743 0.636733
0.555374 0.600673
0.555374 0.600673
0.473254 0.608407
0.464325 0.639841
0.475643 0.694598
0.479564 0.696460
0.482956 0.690646
0.495296 0.678065
0.496530 0.658807
0.496530 0.658807
0.496530 0.658807
