#obj 1 mat
#mess 1 size 1 2
#obj 2 mat
#mess 2 size 1 1
#obj 3 dict
#obj 4 fmat
#mess 4 size 314 13
#mess 4 set 0 0 1.00000 1.00000 1.00000 1.00000 1.00000 1.00000 1.00000 1.00000 1.00000 1.00000 1.00000 1.00000 1.00000 1.00000 1.00000 1.00000 1.00000 1.00000 1.00000 1.00000 1.00000 1.00000 1.00000 1.00000 1.00000 1.00000 1.00000 1.00000 1.00000 1.00000 1.00000 1.00000 1.00000 1.00000 1.00000 1.00000 1.00000 1.00000 1.00000 1.00000 1.00000 1.00000 1.00000 1.00000 1.00000 1.00000 1.00000 1.00000 1.00000 1.00000 1.00000 1.00000 1.00000 1.00000 1.00000 1.00000 1.00000 1.00000 1.00000 1.00000 1.00000 1.00000 1.00000 1.00000 1.00000 1.00000 1.00000 1.00000 1.00000 1.00000 1.00000 1.00000 1.00000 1.00000 1.00000 1.00000 1.00000 1.00000 1.00000 1.00000 1.00000 1.00000 1.00000 1.00000 1.00000 1.00000 1.00000 1.00000 1.00000 1.00000 1.00000 1.00000 1.00000 1.00000 1.00000 1.00000 1.00000 1.00000 1.00000 1.00000 1.00000 1.00000 1.00000 1.00000 1.00000 1.00000 1.00000 1.00000 1.00000 1.00000 1.00000 1.00000 1.00000 1.00000 1.00000 1.00000 1.00000 1.00000 1.00000 1.00000 1.00000 1.00000 1.00000 1.00000 1.00000 1.00000 1.00000 1.00000
#mess 4 set 9 11 1.00000 1.00000 1.00000 1.00000 1.00000 1.00000 1.00000 1.00000 1.00000 1.00000 1.00000 1.00000 1.00000 1.00000 1.00000 1.00000 1.00000 1.00000 1.00000 1.00000 1.00000 1.00000 1.00000 1.00000 1.00000 1.00000 1.00000 1.00000 1.00000 1.00000 1.00000 1.00000 1.00000 1.00000 1.00000 1.00000 1.00000 1.00000 1.00000 1.00000 1.00000 1.00000 1.00000 1.00000 1.00000 1.00000 1.00000 1.00000 1.00000 1.00000 1.00000 1.00000 1.00000 1.00000 1.00000 1.00000 1.00000 1.00000 1.00000 1.00000 1.00000 1.00000 1.00000 1.00000 1.00000 1.00000 1.00000 1.00000 1.00000 1.00000 1.00000 1.00000 1.00000 1.00000 1.00000 1.00000 1.00000 1.00000 1.00000 1.00000 1.00000 1.00000 1.00000 1.00000 1.00000 1.00000 1.00000 1.00000 1.00000 1.00000 1.00000 1.00000 1.00000 1.00000 1.00000 1.00000 1.00000 1.00000 1.00000 1.00000 1.00000 1.00000 1.00000 1.00000 1.00000 1.00000 1.00000 1.00000 1.00000 1.00000 1.00000 1.00000 1.00000 1.00000 1.00000 1.00000 1.00000 1.00000 1.00000 1.00000 1.00000 1.00000 1.00000 1.00000 1.00000 1.00000 1.00000 1.00000
#mess 4 set 19 9 1.00000 1.00000 1.00000 1.00000 1.00000 1.00000 1.00000 1.00000 1.00000 1.00000 1.00000 1.00000 1.00000 1.00000 1.00000 1.00000 1.00000 1.00000 1.00000 1.00000 1.00000 1.00000 1.00000 1.00000 1.00000 1.00000 1.00000 1.00000 1.00000 1.00000 1.00000 1.00000 1.00000 1.00000 1.00000 1.00000 1.00000 1.00000 1.00000 1.00000 1.00000 1.00000 1.00000 1.00000 1.00000 1.00000 1.00000 1.00000 1.00000 1.00000 1.00000 1.00000 1.00000 1.00000 1.00000 1.00000 1.00000 1.00000 1.00000 1.00000 1.00000 1.00000 1.00000 1.00000 1.00000 1.00000 1.00000 1.00000 1.00000 1.00000 1.00000 1.00000 1.00000 1.00000 1.00000 1.00000 1.00000 1.00000 1.00000 1.00000 1.00000 1.00000 1.00000 1.00000 1.00000 1.00000 1.00000 1.00000 1.00000 1.00000 1.00000 1.00000 1.00000 1.00000 1.00000 1.00000 1.00000 1.00000 1.00000 1.00000 1.00000 1.00000 1.00000 1.00000 1.00000 1.00000 1.00000 1.00000 1.00000 1.00000 1.00000 1.00000 1.00000 1.00000 1.00000 1.00000 1.00000 1.00000 1.00000 1.00000 1.00000 1.00000 1.00000 1.00000 1.00000 1.00000 1.00000 1.00000
#mess 4 set 29 7 1.00000 1.00000 1.00000 1.00000 1.00000 1.00000 1.00000 1.00000 1.00000 1.00000 1.00000 1.00000 1.00000 1.00000 1.00000 1.00000 1.00000 1.00000 1.00000 1.00000 1.00000 1.00000 1.00000 1.00000 1.00000 1.00000 1.00000 1.00000 1.00000 1.00000 1.00000 1.00000 1.00000 1.00000 1.00000 1.00000 1.00000 1.00000 1.00000 1.00000 1.00000 1.00000 1.00000 1.00000 1.00000 1.00000 1.00000 1.00000 1.00000 1.00000 1.00000 1.00000 1.00000 1.00000 1.00000 1.00000 1.00000 1.00000 1.00000 1.00000 1.00000 1.00000 1.00000 1.00000 1.00000 1.00000 1.00000 1.00000 1.00000 1.00000 1.00000 1.00000 1.00000 1.00000 1.00000 1.00000 1.00000 1.00000 1.00000 1.00000 1.00000 1.00000 1.00000 1.00000 1.00000 1.00000 1.00000 1.00000 1.00000 1.00000 1.00000 1.00000 1.00000 1.00000 1.00000 1.00000 1.00000 1.00000 1.00000 1.00000 1.00000 1.00000 1.00000 1.00000 1.00000 1.00000 1.00000 1.00000 1.00000 1.00000 1.00000 1.00000 1.00000 1.00000 1.00000 1.00000 1.00000 1.00000 1.00000 1.00000 1.00000 1.00000 1.00000 1.00000 1.00000 1.00000 1.00000 1.00000
#mess 4 set 39 5 1.00000 1.00000 1.00000 1.00000 1.00000 1.00000 1.00000 1.00000 1.00000 1.00000 1.00000 1.00000 1.00000 1.00000 1.00000 1.00000 1.00000 1.00000 1.00000 1.00000 1.00000 1.00000 1.00000 1.00000 1.00000 1.00000 1.00000 1.00000 1.00000 1.00000 1.00000 1.00000 1.00000 1.00000 1.00000 1.00000 1.00000 1.00000 1.00000 1.00000 1.00000 1.00000 1.00000 1.00000 1.00000 1.00000 1.00000 1.00000 1.00000 1.00000 1.00000 1.00000 1.00000 1.00000 1.00000 1.00000 1.00000 1.00000 1.00000 1.00000 1.00000 1.00000 1.00000 1.00000 1.00000 1.00000 1.00000 1.00000 1.00000 1.00000 1.00000 1.00000 1.00000 1.00000 1.00000 1.00000 1.00000 1.00000 1.00000 1.00000 1.00000 1.00000 1.00000 1.00000 1.00000 1.00000 1.00000 1.00000 1.00000 1.00000 1.00000 1.00000 1.00000 1.00000 1.00000 1.00000 1.00000 1.00000 1.00000 1.00000 1.00000 1.00000 1.00000 1.00000 1.00000 1.00000 1.00000 1.00000 1.00000 1.00000 1.00000 1.00000 1.00000 1.00000 1.00000 1.00000 1.00000 1.00000 1.00000 1.00000 1.00000 1.00000 1.00000 1.00000 1.00000 1.00000 1.00000 1.00000
#mess 4 set 49 3 1.00000 1.00000 1.00000 1.00000 1.00000 1.00000 1.00000 1.00000 1.00000 1.00000 1.00000 1.00000 1.00000 1.00000 1.00000 1.00000 1.00000 1.00000 1.00000 1.00000 1.00000 1.00000 1.00000 1.00000 1.00000 1.00000 1.00000 1.00000 1.00000 1.00000 1.00000 1.00000 1.00000 1.00000 1.00000 1.00000 1.00000 1.00000 1.00000 1.00000 1.00000 1.00000 1.00000 1.00000 1.00000 1.00000 1.00000 1.00000 1.00000 1.00000 1.00000 1.00000 1.00000 1.00000 1.00000 1.00000 1.00000 1.00000 1.00000 1.00000 1.00000 1.00000 1.00000 1.00000 1.00000 1.00000 1.00000 1.00000 1.00000 1.00000 1.00000 1.00000 1.00000 1.00000 1.00000 1.00000 1.00000 1.00000 1.00000 1.00000 1.00000 1.00000 1.00000 1.00000 1.00000 1.00000 1.00000 1.00000 1.00000 1.00000 1.00000 1.00000 1.00000 1.00000 1.00000 1.00000 1.00000 1.00000 1.00000 1.00000 1.00000 1.00000 1.00000 1.00000 1.00000 1.00000 1.00000 1.00000 1.00000 1.00000 1.00000 1.00000 1.00000 1.00000 1.00000 1.00000 1.00000 1.00000 1.00000 1.00000 1.00000 1.00000 1.00000 1.00000 1.00000 1.00000 1.00000 1.00000
#mess 4 set 59 1 1.00000 1.00000 1.00000 1.00000 1.00000 1.00000 1.00000 1.00000 1.00000 1.00000 1.00000 1.00000 1.00000 1.00000 1.00000 1.00000 1.00000 1.00000 1.00000 1.00000 1.00000 1.00000 1.00000 1.00000 1.00000 1.00000 1.00000 1.00000 1.00000 1.00000 1.00000 1.00000 1.00000 1.00000 1.00000 1.00000 1.00000 1.00000 1.00000 1.00000 1.00000 1.00000 1.00000 1.00000 1.00000 1.00000 1.00000 1.00000 1.00000 1.00000 1.00000 1.00000 1.00000 1.00000 1.00000 1.00000 1.00000 1.00000 1.00000 1.00000 1.00000 1.00000 1.00000 1.00000 1.00000 1.00000 1.00000 1.00000 1.00000 1.00000 1.00000 1.00000 1.00000 1.00000 1.00000 1.00000 1.00000 1.00000 1.00000 1.00000 1.00000 1.00000 1.00000 1.00000 1.00000 1.00000 1.00000 1.00000 1.00000 1.00000 1.00000 1.00000 1.00000 1.00000 1.00000 1.00000 1.00000 1.00000 1.00000 1.00000 1.00000 1.00000 1.00000 1.00000 1.00000 1.00000 1.00000 1.00000 1.00000 1.00000 1.00000 1.00000 1.00000 1.00000 1.00000 1.00000 1.00000 1.00000 1.00000 1.00000 1.00000 1.00000 1.00000 1.00000 1.00000 1.00000 1.00000 1.00000
#mess 4 set 68 12 1.00000 1.00000 1.00000 1.00000 1.00000 1.00000 1.00000 1.00000 1.00000 1.00000 1.00000 1.00000 1.00000 1.00000 1.00000 1.00000 1.00000 1.00000 1.00000 1.00000 1.00000 1.00000 1.00000 1.00000 1.00000 1.00000 1.00000 1.00000 1.00000 1.00000 1.00000 1.00000 1.00000 1.00000 1.00000 1.00000 1.00000 1.00000 1.00000 1.00000 1.00000 1.00000 1.00000 1.00000 1.00000 1.00000 1.00000 1.00000 1.00000 1.00000 1.00000 1.00000 1.00000 1.00000 1.00000 1.00000 1.00000 1.00000 1.00000 1.00000 1.00000 1.00000 1.00000 1.00000 1.00000 1.00000 1.00000 1.00000 1.00000 1.00000 1.00000 1.00000 1.00000 1.00000 1.00000 1.00000 1.00000 1.00000 1.00000 1.00000 1.00000 1.00000 1.00000 1.00000 1.00000 1.00000 1.00000 1.00000 1.00000 1.00000 1.00000 1.00000 1.00000 1.00000 1.00000 1.00000 1.00000 1.00000 1.00000 1.00000 1.00000 1.00000 1.00000 1.00000 1.00000 1.00000 1.00000 1.00000 1.00000 1.00000 1.00000 1.00000 1.00000 1.00000 1.00000 1.00000 1.00000 1.00000 1.00000 1.00000 1.00000 1.00000 1.00000 1.00000 1.00000 1.00000 1.00000 1.00000
#mess 4 set 78 10 1.00000 1.00000 1.00000 1.00000 1.00000 1.00000 1.00000 1.00000 1.00000 1.00000 1.00000 1.00000 1.00000 1.00000 1.00000 1.00000 1.00000 1.00000 1.00000 1.00000 1.00000 1.00000 1.00000 1.00000 1.00000 1.00000 1.00000 1.00000 1.00000 1.00000 1.00000 1.00000 1.00000 1.00000 1.00000 1.00000 1.00000 1.00000 1.00000 1.00000 1.00000 1.00000 1.00000 1.00000 1.00000 1.00000 1.00000 1.00000 1.00000 1.00000 1.00000 1.00000 1.00000 1.00000 1.00000 1.00000 1.00000 1.00000 1.00000 1.00000 1.00000 1.00000 1.00000 1.00000 1.00000 1.00000 1.00000 1.00000 1.00000 1.00000 1.00000 1.00000 1.00000 1.00000 1.00000 1.00000 1.00000 1.00000 1.00000 1.00000 1.00000 1.00000 1.00000 1.00000 1.00000 1.00000 1.00000 1.00000 1.00000 1.00000 1.00000 1.00000 1.00000 1.00000 1.00000 1.00000 1.00000 1.00000 1.00000 1.00000 1.00000 1.00000 1.00000 1.00000 1.00000 1.00000 1.00000 1.00000 1.00000 1.00000 1.00000 1.00000 1.00000 1.00000 1.00000 1.00000 1.00000 1.00000 1.00000 1.00000 1.00000 1.00000 1.00000 1.00000 1.00000 1.00000 1.00000 1.00000
#mess 4 set 88 8 1.00000 1.00000 1.00000 1.00000 1.00000 1.00000 1.00000 1.00000 1.00000 1.00000 1.00000 1.00000 1.00000 1.00000 1.00000 1.00000 1.00000 1.00000 1.00000 1.00000 1.00000 1.00000 1.00000 1.00000 1.00000 1.00000 1.00000 1.00000 1.00000 1.00000 1.00000 1.00000 1.00000 1.00000 1.00000 1.00000 1.00000 1.00000 1.00000 1.00000 1.00000 1.00000 1.00000 1.00000 1.00000 1.00000 1.00000 1.00000 1.00000 1.00000 1.00000 1.00000 1.00000 1.00000 1.00000 1.00000 1.00000 1.00000 1.00000 1.00000 1.00000 1.00000 1.00000 1.00000 1.00000 1.00000 1.00000 1.00000 1.00000 1.00000 1.00000 1.00000 1.00000 1.00000 1.00000 1.00000 1.00000 1.00000 1.00000 1.00000 1.00000 1.00000 1.00000 1.00000 1.00000 1.00000 1.00000 1.00000 1.00000 1.00000 1.00000 1.00000 1.00000 1.00000 1.00000 1.00000 1.00000 1.00000 1.00000 1.00000 1.00000 1.00000 1.00000 1.00000 1.00000 1.00000 1.00000 1.00000 1.00000 1.00000 1.00000 1.00000 1.00000 1.00000 1.00000 1.00000 1.00000 1.00000 1.00000 1.00000 1.00000 1.00000 1.00000 1.00000 1.00000 1.00000 1.00000 1.00000
#mess 4 set 98 6 1.00000 1.00000 1.00000 1.00000 1.00000 1.00000 1.00000 1.00000 1.00000 1.00000 1.00000 1.00000 1.00000 1.00000 1.00000 1.00000 1.00000 1.00000 1.00000 1.00000 1.00000 1.00000 1.00000 1.00000 1.00000 1.00000 1.00000 1.00000 1.00000 1.00000 1.00000 1.00000 1.00000 1.00000 1.00000 1.00000 1.00000 1.00000 1.00000 1.00000 1.00000 1.00000 1.00000 1.00000 1.00000 1.00000 1.00000 1.00000 1.00000 1.00000 1.00000 1.00000 1.00000 1.00000 1.00000 1.00000 1.00000 1.00000 1.00000 1.00000 1.00000 1.00000 1.00000 1.00000 1.00000 1.00000 1.00000 1.00000 1.00000 1.00000 1.00000 1.00000 1.00000 1.00000 1.00000 1.00000 1.00000 1.00000 1.00000 1.00000 1.00000 1.00000 1.00000 1.00000 1.00000 1.00000 1.00000 1.00000 1.00000 1.00000 1.00000 1.00000 1.00000 1.00000 1.00000 1.00000 1.00000 1.00000 1.00000 1.00000 1.00000 1.00000 1.00000 1.00000 1.00000 1.00000 1.00000 1.00000 1.00000 1.00000 1.00000 1.00000 1.00000 1.00000 1.00000 1.00000 1.00000 1.00000 1.00000 1.00000 1.00000 1.00000 1.00000 1.00000 1.00000 1.00000 1.00000 1.00000
#mess 4 set 108 4 1.00000 1.00000 1.00000 1.00000 1.00000 1.00000 1.00000 1.00000 1.00000 1.00000 1.00000 1.00000 1.00000 1.00000 1.00000 1.00000 1.00000 1.00000 1.00000 1.00000 1.00000 1.00000 1.00000 1.00000 1.00000 1.00000 1.00000 1.00000 1.00000 1.00000 1.00000 1.00000 1.00000 1.00000 1.00000 1.00000 1.00000 1.00000 1.00000 1.00000 1.00000 1.00000 1.00000 1.00000 1.00000 1.00000 1.00000 1.00000 1.00000 1.00000 1.00000 1.00000 1.00000 1.00000 1.00000 1.00000 1.00000 1.00000 1.00000 1.00000 1.00000 1.00000 1.00000 1.00000 1.00000 1.00000 1.00000 1.00000 1.00000 1.00000 1.00000 1.00000 1.00000 1.00000 1.00000 1.00000 1.00000 1.00000 1.00000 1.00000 1.00000 1.00000 1.00000 1.00000 1.00000 1.00000 1.00000 1.00000 1.00000 1.00000 1.00000 1.00000 1.00000 1.00000 1.00000 1.00000 1.00000 1.00000 1.00000 1.00000 1.00000 1.00000 1.00000 1.00000 1.00000 1.00000 1.00000 1.00000 1.00000 1.00000 1.00000 1.00000 1.00000 1.00000 1.00000 1.00000 1.00000 1.00000 1.00000 1.00000 1.00000 1.00000 1.00000 1.00000 1.00000 1.00000 1.00000 1.00000
#mess 4 set 118 2 1.00000 1.00000 1.00000 1.00000 1.00000 1.00000 1.00000 1.00000 1.00000 1.00000 1.00000 1.00000 1.00000 1.00000 1.00000 1.00000 1.00000 1.00000 1.00000 1.00000 1.00000 1.00000 1.00000 1.00000 1.00000 1.00000 1.00000 1.00000 1.00000 1.00000 1.00000 1.00000 1.00000 1.00000 1.00000 1.00000 1.00000 1.00000 1.00000 1.00000 1.00000 1.00000 1.00000 1.00000 1.00000 1.00000 1.00000 1.00000 1.00000 1.00000 1.00000 1.00000 1.00000 1.00000 1.00000 1.00000 1.00000 1.00000 1.00000 1.00000 1.00000 1.00000 1.00000 1.00000 1.00000 1.00000 1.00000 1.00000 1.00000 1.00000 1.00000 1.00000 1.00000 1.00000 1.00000 1.00000 1.00000 1.00000 1.00000 1.00000 1.00000 1.00000 1.00000 1.00000 1.00000 1.00000 1.00000 1.00000 1.00000 1.00000 1.00000 1.00000 1.00000 1.00000 1.00000 1.00000 1.00000 1.00000 1.00000 1.00000 1.00000 1.00000 1.00000 1.00000 1.00000 1.00000 1.00000 1.00000 1.00000 1.00000 1.00000 1.00000 1.00000 1.00000 1.00000 1.00000 1.00000 1.00000 1.00000 1.00000 1.00000 1.00000 1.00000 1.00000 1.00000 1.00000 1.00000 1.00000
#mess 4 set 128 0 1.00000 1.00000 1.00000 1.00000 1.00000 1.00000 1.00000 1.00000 1.00000 1.00000 1.00000 1.00000 1.00000 1.00000 1.00000 1.00000 1.00000 1.00000 1.00000 1.00000 1.00000 1.00000 1.00000 1.00000 1.00000 1.00000 1.00000 1.00000 1.00000 1.00000 1.00000 1.00000 1.00000 1.00000 1.00000 1.00000 1.00000 1.00000 1.00000 1.00000 1.00000 1.00000 1.00000 1.00000 1.00000 1.00000 1.00000 1.00000 1.00000 1.00000 1.00000 1.00000 1.00000 1.00000 1.00000 1.00000 1.00000 1.00000 1.00000 1.00000 1.00000 1.00000 1.00000 1.00000 1.00000 1.00000 1.00000 1.00000 1.00000 1.00000 1.00000 1.00000 1.00000 1.00000 1.00000 1.00000 1.00000 1.00000 1.00000 1.00000 1.00000 1.00000 1.00000 1.00000 1.00000 1.00000 1.00000 1.00000 1.00000 1.00000 1.00000 1.00000 1.00000 1.00000 1.00000 1.00000 1.00000 1.00000 1.00000 1.00000 1.00000 1.00000 1.00000 1.00000 1.00000 1.00000 1.00000 1.00000 1.00000 1.00000 1.00000 1.00000 1.00000 1.00000 1.00000 1.00000 1.00000 1.00000 1.00000 1.00000 1.00000 1.00000 1.00000 1.00000 1.00000 1.00000 1.00000 1.00000
#mess 4 set 137 11 1.00000 1.00000 1.00000 1.00000 1.00000 1.00000 1.00000 1.00000 1.00000 1.00000 1.00000 1.00000 1.00000 1.00000 1.00000 1.00000 1.00000 1.00000 1.00000 1.00000 1.00000 1.00000 1.00000 1.00000 1.00000 1.00000 1.00000 1.00000 1.00000 1.00000 1.00000 1.00000 1.00000 1.00000 1.00000 1.00000 1.00000 1.00000 1.00000 1.00000 1.00000 1.00000 1.00000 1.00000 1.00000 1.00000 1.00000 1.00000 1.00000 1.00000 1.00000 1.00000 1.00000 1.00000 1.00000 1.00000 1.00000 1.00000 1.00000 1.00000 1.00000 1.00000 1.00000 1.00000 1.00000 1.00000 1.00000 1.00000 1.00000 1.00000 1.00000 1.00000 1.00000 1.00000 1.00000 1.00000 1.00000 1.00000 1.00000 1.00000 1.00000 1.00000 1.00000 1.00000 1.00000 1.00000 1.00000 1.00000 1.00000 1.00000 1.00000 1.00000 1.00000 1.00000 1.00000 1.00000 1.00000 1.00000 1.00000 1.00000 1.00000 1.00000 1.00000 1.00000 1.00000 1.00000 1.00000 1.00000 1.00000 1.00000 1.00000 1.00000 1.00000 1.00000 1.00000 1.00000 1.00000 1.00000 1.00000 1.00000 1.00000 1.00000 1.00000 1.00000 1.00000 1.00000 1.00000 1.00000
#mess 4 set 147 9 1.00000 1.00000 1.00000 1.00000 1.00000 1.00000 1.00000 1.00000 1.00000 1.00000 1.00000 1.00000 1.00000 1.00000 1.00000 1.00000 1.00000 1.00000 1.00000 1.00000 1.00000 1.00000 1.00000 1.00000 1.00000 1.00000 1.00000 1.00000 1.00000 1.00000 1.00000 1.00000 1.00000 1.00000 1.00000 1.00000 1.00000 1.00000 1.00000 1.00000 1.00000 1.00000 1.00000 1.00000 1.00000 1.00000 1.00000 1.00000 1.00000 1.00000 1.00000 1.00000 1.00000 1.00000 1.00000 1.00000 1.00000 1.00000 1.00000 1.00000 1.00000 1.00000 1.00000 1.00000 1.00000 1.00000 1.00000 1.00000 1.00000 1.00000 1.00000 1.00000 1.00000 1.00000 1.00000 1.00000 1.00000 1.00000 1.00000 1.00000 1.00000 1.00000 1.00000 1.00000 1.00000 1.00000 1.00000 1.00000 1.00000 1.00000 1.00000 1.00000 1.00000 1.00000 1.00000 1.00000 1.00000 1.00000 1.00000 1.00000 1.00000 1.00000 1.00000 1.00000 1.00000 1.00000 1.00000 1.00000 1.00000 1.00000 1.00000 1.00000 1.00000 1.00000 1.00000 1.00000 1.00000 1.00000 1.00000 1.00000 1.00000 1.00000 1.00000 1.00000 1.00000 1.00000 1.00000 1.00000
#mess 4 set 157 7 1.00000 1.00000 1.00000 1.00000 1.00000 1.00000 1.00000 1.00000 1.00000 1.00000 1.00000 1.00000 1.00000 1.00000 1.00000 1.00000 1.00000 1.00000 1.00000 1.00000 1.00000 1.00000 1.00000 1.00000 1.00000 1.00000 1.00000 1.00000 1.00000 1.00000 1.00000 1.00000 1.00000 1.00000 1.00000 1.00000 1.00000 1.00000 1.00000 1.00000 1.00000 1.00000 1.00000 1.00000 1.00000 1.00000 1.00000 1.00000 1.00000 1.00000 1.00000 1.00000 1.00000 1.00000 1.00000 1.00000 1.00000 1.00000 1.00000 1.00000 1.00000 1.00000 1.00000 1.00000 1.00000 1.00000 1.00000 1.00000 1.00000 1.00000 1.00000 1.00000 1.00000 1.00000 1.00000 1.00000 1.00000 1.00000 1.00000 1.00000 1.00000 1.00000 1.00000 1.00000 1.00000 1.00000 1.00000 1.00000 1.00000 1.00000 1.00000 1.00000 1.00000 1.00000 1.00000 1.00000 1.00000 1.00000 1.00000 1.00000 1.00000 1.00000 1.00000 1.00000 1.00000 1.00000 1.00000 1.00000 1.00000 1.00000 1.00000 1.00000 1.00000 1.00000 1.00000 1.00000 1.00000 1.00000 1.00000 1.00000 1.00000 1.00000 1.00000 1.00000 1.00000 1.00000 1.00000 1.00000
#mess 4 set 167 5 1.00000 1.00000 1.00000 1.00000 1.00000 1.00000 1.00000 1.00000 1.00000 1.00000 1.00000 1.00000 1.00000 1.00000 1.00000 1.00000 1.00000 1.00000 1.00000 1.00000 1.00000 1.00000 1.00000 1.00000 1.00000 1.00000 1.00000 1.00000 1.00000 1.00000 1.00000 1.00000 1.00000 1.00000 1.00000 1.00000 1.00000 1.00000 1.00000 1.00000 1.00000 1.00000 1.00000 1.00000 1.00000 1.00000 1.00000 1.00000 1.00000 1.00000 1.00000 1.00000 1.00000 1.00000 1.00000 1.00000 1.00000 1.00000 1.00000 1.00000 1.00000 1.00000 1.00000 1.00000 1.00000 1.00000 1.00000 1.00000 1.00000 1.00000 1.00000 1.00000 1.00000 1.00000 1.00000 1.00000 1.00000 1.00000 1.00000 1.00000 1.00000 1.00000 1.00000 1.00000 1.00000 1.00000 1.00000 1.00000 1.00000 1.00000 1.00000 1.00000 1.00000 1.00000 1.00000 1.00000 1.00000 1.00000 1.00000 1.00000 1.00000 1.00000 1.00000 1.00000 1.00000 1.00000 1.00000 1.00000 1.00000 1.00000 1.00000 1.00000 1.00000 1.00000 1.00000 1.00000 1.00000 1.00000 1.00000 1.00000 1.00000 1.00000 1.00000 1.00000 1.00000 1.00000 1.00000 1.00000
#mess 4 set 177 3 1.00000 1.00000 1.00000 1.00000 1.00000 1.00000 1.00000 1.00000 1.00000 1.00000 1.00000 1.00000 1.00000 1.00000 1.00000 1.00000 1.00000 1.00000 1.00000 1.00000 1.00000 1.00000 1.00000 1.00000 1.00000 1.00000 1.00000 1.00000 1.00000 1.00000 1.00000 1.00000 1.00000 1.00000 1.00000 1.00000 1.00000 1.00000 1.00000 1.00000 1.00000 1.00000 1.00000 1.00000 1.00000 1.00000 1.00000 1.00000 1.00000 1.00000 1.00000 1.00000 1.00000 1.00000 1.00000 1.00000 1.00000 1.00000 1.00000 1.00000 1.00000 1.00000 1.00000 1.00000 1.00000 1.00000 1.00000 1.00000 1.00000 1.00000 1.00000 1.00000 1.00000 1.00000 1.00000 1.00000 1.00000 1.00000 1.00000 1.00000 1.00000 1.00000 1.00000 1.00000 1.00000 1.00000 1.00000 1.00000 1.00000 1.00000 1.00000 1.00000 1.00000 1.00000 1.00000 1.00000 1.00000 1.00000 1.00000 1.00000 1.00000 1.00000 1.00000 1.00000 1.00000 1.00000 1.00000 1.00000 1.00000 1.00000 1.00000 1.00000 1.00000 1.00000 1.00000 1.00000 1.00000 1.00000 1.00000 1.00000 1.00000 1.00000 1.00000 1.00000 1.00000 1.00000 1.00000 1.00000
#mess 4 set 187 1 1.00000 1.00000 1.00000 1.00000 1.00000 1.00000 1.00000 1.00000 1.00000 1.00000 1.00000 1.00000 1.00000 1.00000 1.00000 1.00000 1.00000 1.00000 1.00000 1.00000 1.00000 1.00000 1.00000 1.00000 1.00000 1.00000 1.00000 1.00000 1.00000 1.00000 1.00000 1.00000 1.00000 1.00000 1.00000 1.00000 1.00000 1.00000 1.00000 1.00000 1.00000 1.00000 1.00000 1.00000 1.00000 1.00000 1.00000 1.00000 1.00000 1.00000 1.00000 1.00000 1.00000 1.00000 1.00000 1.00000 1.00000 1.00000 1.00000 1.00000 1.00000 1.00000 1.00000 1.00000 1.00000 1.00000 1.00000 1.00000 1.00000 1.00000 1.00000 1.00000 1.00000 1.00000 1.00000 1.00000 1.00000 1.00000 1.00000 1.00000 1.00000 1.00000 1.00000 1.00000 1.00000 1.00000 1.00000 1.00000 1.00000 1.00000 1.00000 1.00000 1.00000 1.00000 1.00000 1.00000 1.00000 1.00000 1.00000 1.00000 1.00000 1.00000 1.00000 1.00000 1.00000 1.00000 1.00000 1.00000 1.00000 1.00000 1.00000 1.00000 1.00000 1.00000 1.00000 1.00000 1.00000 1.00000 1.00000 1.00000 1.00000 1.00000 1.00000 1.00000 1.00000 1.00000 1.00000 1.00000
#mess 4 set 196 12 1.00000 1.00000 1.00000 1.00000 1.00000 1.00000 1.00000 1.00000 1.00000 1.00000 1.00000 1.00000 1.00000 1.00000 1.00000 1.00000 1.00000 1.00000 1.00000 1.00000 1.00000 1.00000 1.00000 1.00000 1.00000 1.00000 1.00000 1.00000 1.00000 1.00000 1.00000 1.00000 1.00000 1.00000 1.00000 1.00000 1.00000 1.00000 1.00000 1.00000 1.00000 1.00000 1.00000 1.00000 1.00000 1.00000 1.00000 1.00000 1.00000 1.00000 1.00000 1.00000 1.00000 1.00000 1.00000 1.00000 1.00000 1.00000 1.00000 1.00000 1.00000 1.00000 1.00000 1.00000 1.00000 1.00000 1.00000 1.00000 1.00000 1.00000 1.00000 1.00000 1.00000 1.00000 1.00000 1.00000 1.00000 1.00000 1.00000 1.00000 1.00000 1.00000 1.00000 1.00000 1.00000 1.00000 1.00000 1.00000 1.00000 1.00000 1.00000 1.00000 1.00000 1.00000 1.00000 1.00000 1.00000 1.00000 1.00000 1.00000 1.00000 1.00000 1.00000 1.00000 1.00000 1.00000 1.00000 1.00000 1.00000 1.00000 1.00000 1.00000 1.00000 1.00000 1.00000 1.00000 1.00000 1.00000 1.00000 1.00000 1.00000 1.00000 1.00000 1.00000 1.00000 1.00000 1.00000 1.00000
#mess 4 set 206 10 1.00000 1.00000 1.00000 1.00000 1.00000 1.00000 1.00000 1.00000 1.00000 1.00000 1.00000 1.00000 1.00000 1.00000 1.00000 1.00000 1.00000 1.00000 1.00000 1.00000 1.00000 1.00000 1.00000 1.00000 1.00000 1.00000 1.00000 1.00000 1.00000 1.00000 1.00000 1.00000 1.00000 1.00000 1.00000 1.00000 1.00000 1.00000 1.00000 1.00000 1.00000 1.00000 1.00000 1.00000 1.00000 1.00000 1.00000 1.00000 1.00000 1.00000 1.00000 1.00000 1.00000 1.00000 1.00000 1.00000 1.00000 1.00000 1.00000 1.00000 1.00000 1.00000 1.00000 1.00000 1.00000 1.00000 1.00000 1.00000 1.00000 1.00000 1.00000 1.00000 1.00000 1.00000 1.00000 1.00000 1.00000 1.00000 1.00000 1.00000 1.00000 1.00000 1.00000 1.00000 1.00000 1.00000 1.00000 1.00000 1.00000 1.00000 1.00000 1.00000 1.00000 1.00000 1.00000 1.00000 1.00000 1.00000 1.00000 1.00000 1.00000 1.00000 1.00000 1.00000 1.00000 1.00000 1.00000 1.00000 1.00000 1.00000 1.00000 1.00000 1.00000 1.00000 1.00000 1.00000 1.00000 1.00000 1.00000 1.00000 1.00000 1.00000 1.00000 1.00000 1.00000 1.00000 1.00000 1.00000
#mess 4 set 216 8 1.00000 1.00000 1.00000 1.00000 1.00000 1.00000 1.00000 1.00000 1.00000 1.00000 1.00000 1.00000 1.00000 1.00000 1.00000 1.00000 1.00000 1.00000 1.00000 1.00000 1.00000 1.00000 1.00000 1.00000 1.00000 1.00000 1.00000 1.00000 1.00000 1.00000 1.00000 1.00000 1.00000 1.00000 1.00000 1.00000 1.00000 1.00000 1.00000 1.00000 1.00000 1.00000 1.00000 1.00000 1.00000 1.00000 1.00000 1.00000 1.00000 1.00000 1.00000 1.00000 1.00000 1.00000 1.00000 1.00000 1.00000 1.00000 1.00000 1.00000 1.00000 1.00000 1.00000 1.00000 1.00000 1.00000 1.00000 1.00000 1.00000 1.00000 1.00000 1.00000 1.00000 1.00000 1.00000 1.00000 1.00000 1.00000 1.00000 1.00000 1.00000 1.00000 1.00000 1.00000 1.00000 1.00000 1.00000 1.00000 1.00000 1.00000 1.00000 1.00000 1.00000 1.00000 1.00000 1.00000 1.00000 1.00000 1.00000 1.00000 1.00000 1.00000 1.00000 1.00000 1.00000 1.00000 1.00000 1.00000 1.00000 1.00000 1.00000 1.00000 1.00000 1.00000 1.00000 1.00000 1.00000 1.00000 1.00000 1.00000 1.00000 1.00000 1.00000 1.00000 1.00000 1.00000 1.00000 1.00000
#mess 4 set 226 6 1.00000 1.00000 1.00000 1.00000 1.00000 1.00000 1.00000 1.00000 1.00000 1.00000 1.00000 1.00000 1.00000 1.00000 1.00000 1.00000 1.00000 1.00000 1.00000 1.00000 1.00000 1.00000 1.00000 1.00000 1.00000 1.00000 1.00000 1.00000 1.00000 1.00000 1.00000 1.00000 1.00000 1.00000 1.00000 1.00000 1.00000 1.00000 1.00000 1.00000 1.00000 1.00000 1.00000 1.00000 1.00000 1.00000 1.00000 1.00000 1.00000 1.00000 1.00000 1.00000 1.00000 1.00000 1.00000 1.00000 1.00000 1.00000 1.00000 1.00000 1.00000 1.00000 1.00000 1.00000 1.00000 1.00000 1.00000 1.00000 1.00000 1.00000 1.00000 1.00000 1.00000 1.00000 1.00000 1.00000 1.00000 1.00000 1.00000 1.00000 1.00000 1.00000 1.00000 1.00000 1.00000 1.00000 1.00000 1.00000 1.00000 1.00000 1.00000 1.00000 1.00000 1.00000 1.00000 1.00000 1.00000 1.00000 1.00000 1.00000 1.00000 1.00000 1.00000 1.00000 1.00000 1.00000 1.00000 1.00000 1.00000 1.00000 1.00000 1.00000 1.00000 1.00000 1.00000 1.00000 1.00000 1.00000 1.00000 1.00000 1.00000 1.00000 1.00000 1.00000 1.00000 1.00000 1.00000 1.00000
#mess 4 set 236 4 1.00000 1.00000 1.00000 1.00000 1.00000 1.00000 1.00000 1.00000 1.00000 1.00000 1.00000 1.00000 1.00000 1.00000 1.00000 1.00000 1.00000 1.00000 1.00000 1.00000 1.00000 1.00000 1.00000 1.00000 1.00000 1.00000 1.00000 1.00000 1.00000 1.00000 1.00000 1.00000 1.00000 1.00000 1.00000 1.00000 1.00000 1.00000 1.00000 1.00000 1.00000 1.00000 1.00000 1.00000 1.00000 1.00000 1.00000 1.00000 1.00000 1.00000 1.00000 1.00000 1.00000 1.00000 1.00000 1.00000 1.00000 1.00000 1.00000 1.00000 1.00000 1.00000 1.00000 1.00000 1.00000 1.00000 1.00000 1.00000 1.00000 1.00000 1.00000 1.00000 1.00000 1.00000 1.00000 1.00000 1.00000 1.00000 1.00000 1.00000 1.00000 1.00000 1.00000 1.00000 1.00000 1.00000 1.00000 1.00000 1.00000 1.00000 1.00000 1.00000 1.00000 1.00000 1.00000 1.00000 1.00000 1.00000 1.00000 1.00000 1.00000 1.00000 1.00000 1.00000 1.00000 1.00000 1.00000 1.00000 1.00000 1.00000 1.00000 1.00000 1.00000 1.00000 1.00000 1.00000 1.00000 1.00000 1.00000 1.00000 1.00000 1.00000 1.00000 1.00000 1.00000 1.00000 1.00000 1.00000
#mess 4 set 246 2 1.00000 1.00000 1.00000 1.00000 1.00000 1.00000 1.00000 1.00000 1.00000 1.00000 1.00000 1.00000 1.00000 1.00000 1.00000 1.00000 1.00000 1.00000 1.00000 1.00000 1.00000 1.00000 1.00000 1.00000 1.00000 1.00000 1.00000 1.00000 1.00000 1.00000 1.00000 1.00000 1.00000 1.00000 1.00000 1.00000 1.00000 1.00000 1.00000 1.00000 1.00000 1.00000 1.00000 1.00000 1.00000 1.00000 1.00000 1.00000 1.00000 1.00000 1.00000 1.00000 1.00000 1.00000 1.00000 1.00000 1.00000 1.00000 1.00000 1.00000 1.00000 1.00000 1.00000 1.00000 1.00000 1.00000 1.00000 1.00000 1.00000 1.00000 1.00000 1.00000 1.00000 1.00000 1.00000 1.00000 1.00000 1.00000 1.00000 1.00000 1.00000 1.00000 1.00000 1.00000 1.00000 1.00000 1.00000 1.00000 1.00000 1.00000 1.00000 1.00000 1.00000 1.00000 1.00000 1.00000 1.00000 1.00000 1.00000 1.00000 1.00000 1.00000 1.00000 1.00000 1.00000 1.00000 1.00000 1.00000 1.00000 1.00000 1.00000 1.00000 1.00000 1.00000 1.00000 1.00000 1.00000 1.00000 1.00000 1.00000 1.00000 1.00000 1.00000 1.00000 1.00000 1.00000 1.00000 1.00000
#mess 4 set 256 0 1.00000 1.00000 1.00000 1.00000 1.00000 1.00000 1.00000 1.00000 1.00000 1.00000 1.00000 1.00000 1.00000 1.00000 1.00000 1.00000 1.00000 1.00000 1.00000 1.00000 1.00000 1.00000 1.00000 1.00000 1.00000 1.00000 1.00000 1.00000 1.00000 1.00000 1.00000 1.00000 1.00000 1.00000 1.00000 1.00000 1.00000 1.00000 1.00000 1.00000 1.00000 1.00000 1.00000 1.00000 1.00000 1.00000 1.00000 1.00000 1.00000 1.00000 1.00000 1.00000 1.00000 1.00000 1.00000 1.00000 1.00000 1.00000 1.00000 1.00000 1.00000 1.00000 1.00000 1.00000 1.00000 1.00000 1.00000 1.00000 1.00000 1.00000 1.00000 1.00000 1.00000 1.00000 1.00000 1.00000 1.00000 1.00000 1.00000 1.00000 1.00000 1.00000 1.00000 1.00000 1.00000 1.00000 1.00000 1.00000 1.00000 1.00000 1.00000 1.00000 1.00000 1.00000 1.00000 1.00000 1.00000 1.00000 1.00000 1.00000 1.00000 1.00000 1.00000 1.00000 1.00000 1.00000 1.00000 1.00000 1.00000 1.00000 1.00000 1.00000 1.00000 1.00000 1.00000 1.00000 1.00000 1.00000 1.00000 1.00000 1.00000 1.00000 1.00000 1.00000 1.00000 1.00000 1.00000 1.00000
#mess 4 set 265 11 1.00000 1.00000 1.00000 1.00000 1.00000 1.00000 1.00000 1.00000 1.00000 1.00000 1.00000 1.00000 1.00000 1.00000 1.00000 1.00000 1.00000 1.00000 1.00000 1.00000 1.00000 1.00000 1.00000 1.00000 1.00000 1.00000 1.00000 1.00000 1.00000 1.00000 1.00000 1.00000 1.00000 1.00000 1.00000 1.00000 1.00000 1.00000 1.00000 1.00000 1.00000 1.00000 1.00000 1.00000 1.00000 1.00000 1.00000 1.00000 1.00000 1.00000 1.00000 1.00000 1.00000 1.00000 1.00000 1.00000 1.00000 1.00000 1.00000 1.00000 1.00000 1.00000 1.00000 1.00000 1.00000 1.00000 1.00000 1.00000 1.00000 1.00000 1.00000 1.00000 1.00000 1.00000 1.00000 1.00000 1.00000 1.00000 1.00000 1.00000 1.00000 1.00000 1.00000 1.00000 1.00000 1.00000 1.00000 1.00000 1.00000 1.00000 1.00000 1.00000 1.00000 1.00000 1.00000 1.00000 1.00000 1.00000 1.00000 1.00000 1.00000 1.00000 1.00000 1.00000 1.00000 1.00000 1.00000 1.00000 1.00000 1.00000 1.00000 1.00000 1.00000 1.00000 1.00000 1.00000 1.00000 1.00000 1.00000 1.00000 1.00000 1.00000 1.00000 1.00000 1.00000 1.00000 1.00000 1.00000
#mess 4 set 275 9 1.00000 1.00000 1.00000 1.00000 1.00000 1.00000 1.00000 1.00000 1.00000 1.00000 1.00000 1.00000 1.00000 1.00000 1.00000 1.00000 1.00000 1.00000 1.00000 1.00000 1.00000 1.00000 1.00000 1.00000 1.00000 1.00000 1.00000 1.00000 1.00000 1.00000 1.00000 1.00000 1.00000 1.00000 1.00000 1.00000 1.00000 1.00000 1.00000 1.00000 1.00000 1.00000 1.00000 1.00000 1.00000 1.00000 1.00000 1.00000 1.00000 1.00000 1.00000 1.00000 1.00000 1.00000 1.00000 1.00000 1.00000 1.00000 1.00000 1.00000 1.00000 1.00000 1.00000 1.00000 1.00000 1.00000 1.00000 1.00000 1.00000 1.00000 1.00000 1.00000 1.00000 1.00000 1.00000 1.00000 1.00000 1.00000 1.00000 1.00000 1.00000 1.00000 1.00000 1.00000 1.00000 1.00000 1.00000 1.00000 1.00000 1.00000 1.00000 1.00000 1.00000 1.00000 1.00000 1.00000 1.00000 1.00000 1.00000 1.00000 1.00000 1.00000 1.00000 1.00000 1.00000 1.00000 1.00000 1.00000 1.00000 1.00000 1.00000 1.00000 1.00000 1.00000 1.00000 1.00000 1.00000 1.00000 1.00000 1.00000 1.00000 1.00000 1.00000 1.00000 1.00000 1.00000 1.00000 1.00000
#mess 4 set 285 7 1.00000 1.00000 1.00000 1.00000 1.00000 1.00000 1.00000 1.00000 1.00000 1.00000 1.00000 1.00000 1.00000 1.00000 1.00000 1.00000 1.00000 1.00000 1.00000 1.00000 1.00000 1.00000 1.00000 1.00000 1.00000 1.00000 1.00000 1.00000 1.00000 1.00000 1.00000 1.00000 1.00000 1.00000 1.00000 1.00000 1.00000 1.00000 1.00000 1.00000 1.00000 1.00000 1.00000 1.00000 1.00000 1.00000 1.00000 1.00000 1.00000 1.00000 1.00000 1.00000 1.00000 1.00000 1.00000 1.00000 1.00000 1.00000 1.00000 1.00000 1.00000 1.00000 1.00000 1.00000 1.00000 1.00000 1.00000 1.00000 1.00000 1.00000 1.00000 1.00000 1.00000 1.00000 1.00000 1.00000 1.00000 1.00000 1.00000 1.00000 1.00000 1.00000 1.00000 1.00000 1.00000 1.00000 1.00000 1.00000 1.00000 1.00000 1.00000 1.00000 1.00000 1.00000 1.00000 1.00000 1.00000 1.00000 1.00000 1.00000 1.00000 1.00000 1.00000 1.00000 1.00000 1.00000 1.00000 1.00000 1.00000 1.00000 1.00000 1.00000 1.00000 1.00000 1.00000 1.00000 1.00000 1.00000 1.00000 1.00000 1.00000 1.00000 1.00000 1.00000 1.00000 1.00000 1.00000 1.00000
#mess 4 set 295 5 1.00000 1.00000 1.00000 1.00000 1.00000 1.00000 1.00000 1.00000 1.00000 1.00000 1.00000 1.00000 1.00000 1.00000 1.00000 1.00000 1.00000 1.00000 1.00000 1.00000 1.00000 1.00000 1.00000 1.00000 1.00000 1.00000 1.00000 1.00000 1.00000 1.00000 1.00000 1.00000 1.00000 1.00000 1.00000 1.00000 1.00000 1.00000 1.00000 1.00000 1.00000 1.00000 1.00000 1.00000 1.00000 1.00000 1.00000 1.00000 1.00000 1.00000 1.00000 1.00000 1.00000 1.00000 1.00000 1.00000 1.00000 1.00000 1.00000 1.00000 1.00000 1.00000 1.00000 1.00000 1.00000 1.00000 1.00000 1.00000 1.00000 1.00000 1.00000 1.00000 1.00000 1.00000 1.00000 1.00000 1.00000 1.00000 1.00000 1.00000 1.00000 1.00000 1.00000 1.00000 1.00000 1.00000 1.00000 1.00000 1.00000 1.00000 1.00000 1.00000 1.00000 1.00000 1.00000 1.00000 1.00000 1.00000 1.00000 1.00000 1.00000 1.00000 1.00000 1.00000 1.00000 1.00000 1.00000 1.00000 1.00000 1.00000 1.00000 1.00000 1.00000 1.00000 1.00000 1.00000 1.00000 1.00000 1.00000 1.00000 1.00000 1.00000 1.00000 1.00000 1.00000 1.00000 1.00000 1.00000
#mess 4 set 305 3 1.00000 1.00000 1.00000 1.00000 1.00000 1.00000 1.00000 1.00000 1.00000 1.00000 1.00000 1.00000 1.00000 1.00000 1.00000 1.00000 1.00000 1.00000 1.00000 1.00000 1.00000 1.00000 1.00000 1.00000 1.00000 1.00000 1.00000 1.00000 1.00000 1.00000 1.00000 1.00000 1.00000 1.00000 1.00000 1.00000 1.00000 1.00000 1.00000 1.00000 1.00000 1.00000 1.00000 1.00000 1.00000 1.00000 1.00000 1.00000 1.00000 1.00000 1.00000 1.00000 1.00000 1.00000 1.00000 1.00000 1.00000 1.00000 1.00000 1.00000 1.00000 1.00000 1.00000 1.00000 1.00000 1.00000 1.00000 1.00000 1.00000 1.00000 1.00000 1.00000 1.00000 1.00000 1.00000 1.00000 1.00000 1.00000 1.00000 1.00000 1.00000 1.00000 1.00000 1.00000 1.00000 1.00000 1.00000 1.00000 1.00000 1.00000 1.00000 1.00000 1.00000 1.00000 1.00000 1.00000 1.00000 1.00000 1.00000 1.00000 1.00000 1.00000 1.00000 1.00000 1.00000 1.00000 1.00000 1.00000 1.00000 1.00000 1.00000 1.00000 1.00000 1.00000
#mess 3 set Bstddev "#4"
#obj 5 fmat
#mess 5 size 314 1
#mess 5 set 0 0 1.00000 0.00000 0.00000 0.00000 0.00000 0.00000 0.00000 0.00000 0.00000 0.00000 0.00000 0.00000 0.00000 0.00000 0.00000 0.00000 0.00000 0.00000 0.00000 0.00000 0.00000 0.00000 0.00000 0.00000 0.00000 0.00000 0.00000 0.00000 0.00000 0.00000 0.00000 0.00000 0.00000 0.00000 0.00000 0.00000 0.00000 0.00000 0.00000 0.00000 0.00000 0.00000 0.00000 0.00000 0.00000 0.00000 0.00000 0.00000 0.00000 0.00000 0.00000 0.00000 0.00000 0.00000 0.00000 0.00000 0.00000 0.00000 0.00000 0.00000 0.00000 0.00000 0.00000 0.00000 0.00000 0.00000 0.00000 0.00000 0.00000 0.00000 0.00000 0.00000 0.00000 0.00000 0.00000 0.00000 0.00000 0.00000 0.00000 0.00000 0.00000 0.00000 0.00000 0.00000 0.00000 0.00000 0.00000 0.00000 0.00000 0.00000 0.00000 0.00000 0.00000 0.00000 0.00000 0.00000 0.00000 0.00000 0.00000 0.00000 0.00000 0.00000 0.00000 0.00000 0.00000 0.00000 0.00000 0.00000 0.00000 0.00000 0.00000 0.00000 0.00000 0.00000 0.00000 0.00000 0.00000 0.00000 0.00000 0.00000 0.00000 0.00000 0.00000 0.00000 0.00000 0.00000 0.00000 0.00000
#mess 5 set 128 0 0.00000 0.00000 0.00000 0.00000 0.00000 0.00000 0.00000 0.00000 0.00000 0.00000 0.00000 0.00000 0.00000 0.00000 0.00000 0.00000 0.00000 0.00000 0.00000 0.00000 0.00000 0.00000 0.00000 0.00000 0.00000 0.00000 0.00000 0.00000 0.00000 0.00000 0.00000 0.00000 0.00000 0.00000 0.00000 0.00000 0.00000 0.00000 0.00000 0.00000 0.00000 0.00000 0.00000 0.00000 0.00000 0.00000 0.00000 0.00000 0.00000 0.00000 0.00000 0.00000 0.00000 0.00000 0.00000 0.00000 0.00000 0.00000 0.00000 0.00000 0.00000 0.00000 0.00000 0.00000 0.00000 0.00000 0.00000 0.00000 0.00000 0.00000 0.00000 0.00000 0.00000 0.00000 0.00000 0.00000 0.00000 0.00000 0.00000 0.00000 0.00000 0.00000 0.00000 0.00000 0.00000 0.00000 0.00000 0.00000 0.00000 0.00000 0.00000 0.00000 0.00000 0.00000 0.00000 0.00000 0.00000 0.00000 0.00000 0.00000 0.00000 0.00000 0.00000 0.00000 0.00000 0.00000 0.00000 0.00000 0.00000 0.00000 0.00000 0.00000 0.00000 0.00000 0.00000 0.00000 0.00000 0.00000 0.00000 0.00000 0.00000 0.00000 0.00000 0.00000 0.00000 0.00000 0.00000 0.00000
#mess 5 set 256 0 0.00000 0.00000 0.00000 0.00000 0.00000 0.00000 0.00000 0.00000 0.00000 0.00000 0.00000 0.00000 0.00000 0.00000 0.00000 0.00000 0.00000 0.00000 0.00000 0.00000 0.00000 0.00000 0.00000 0.00000 0.00000 0.00000 0.00000 0.00000 0.00000 0.00000 0.00000 0.00000 0.00000 0.00000 0.00000 0.00000 0.00000 0.00000 0.00000 0.00000 0.00000 0.00000 0.00000 0.00000 0.00000 0.00000 0.00000 0.00000 0.00000 0.00000 0.00000 0.00000 0.00000 0.00000 0.00000 0.00000 0.00000 0.00000
#mess 3 set Pi "#5"
#mess 3 set Pself 0.500000
#obj 6 mat
#mess 6 size 0 3
#mess 3 set markers_edit "#6"
#obj 7 fmat
#mess 7 size 314 13
#mess 7 set 0 0 0.499999 0.500000 0.500000 0.500000 0.500000 0.500000 0.500000 0.500000 0.500000 0.500000 0.500000 0.500000 0.500000 0.500002 0.500000 0.500000 0.500000 0.500000 0.500000 0.500000 0.500000 0.500000 0.500000 0.500000 0.500000 0.500000 0.500001 0.500000 0.500000 0.500000 0.500000 0.500000 0.500000 0.500000 0.500000 0.500000 0.500000 0.500000 0.500000 0.499999 0.500000 0.500000 0.500000 0.500000 0.500000 0.500000 0.500000 0.500000 0.500000 0.500000 0.500000 0.500000 0.499999 0.500000 0.500000 0.500000 0.500000 0.500000 0.500000 0.500000 0.500000 0.500000 0.500000 0.500000 0.500000 0.500002 0.500000 0.500000 0.500000 0.500000 0.500000 0.500000 0.500000 0.500000 0.500000 0.500000 0.500000 0.500000 0.499999 0.500000 0.500000 0.500000 0.500000 0.500000 0.500000 0.500000 0.500000 0.500000 0.500000 0.500000 0.500000 0.116411 0.184001 0.445587 0.519455 0.488732 0.488976 0.511271 0.489434 0.509487 0.517837 0.510550 0.528753 0.543233 0.320313 0.411355 0.480765 0.505396 0.490600 0.516241 0.488439 0.489522 0.494022 0.495250 0.514401 0.526526 0.508203 0.465033 0.503165 0.481371 0.474955 0.498494 0.526361 0.519854 0.502923 0.501046 0.509983 0.495974
#mess 7 set 9 11 0.509954 0.489957 0.518957 0.513357 0.479273 0.470024 0.519776 0.495365 0.491995 0.504994 0.511131 0.513312 0.508653 0.489456 0.521182 0.520696 0.488025 0.513539 0.511315 0.490550 0.473656 0.499186 0.506115 0.503195 0.494421 0.506694 0.480352 0.522051 0.506753 0.474875 0.515256 0.529290 0.488468 0.492448 0.492259 0.462647 0.492988 0.516793 0.532280 0.506177 0.505471 0.504599 0.499076 0.468331 0.525390 0.509028 0.483979 0.512525 0.496045 0.479575 0.506724 0.509494 0.530489 0.475155 0.505119 0.530709 0.476891 0.480883 0.530584 0.508853 0.488264 0.503658 0.488475 0.497642 0.497097 0.512502 0.485458 0.514052 0.522115 0.502895 0.460253 0.510422 0.487814 0.497388 0.517567 0.501548 0.486943 0.497607 0.504284 0.490928 0.522001 0.499723 0.507330 0.503443 0.493549 0.509555 0.473486 0.498721 0.518030 0.495175 0.503193 0.488888 0.487136 0.539980 0.504829 0.498909 0.507652 0.490712 0.502010 0.489090 0.523254 0.519540 0.470833 0.492885 0.500885 0.495680 0.521197 0.521448 0.497082 0.503208 0.489731 0.475318 0.520161 0.498190 0.494913 0.505016 0.478842 0.505743 0.505830 0.492380 0.493668 0.503519 0.484565 0.509001 0.520153 0.517194 0.491486 0.467338
#mess 7 set 19 9 0.489112 0.489782 0.485331 0.517809 0.435783 0.493921 0.528645 0.484018 0.506025 0.535223 0.518124 0.475653 0.480016 0.476888 0.514145 0.501601 0.483909 0.488817 0.490778 0.520259 0.530523 0.471787 0.499886 0.488003 0.483186 0.509518 0.511667 0.517173 0.487954 0.479073 0.495518 0.501462 0.476446 0.519976 0.484026 0.484628 0.510326 0.493008 0.503527 0.519013 0.507775 0.497445 0.511252 0.477661 0.492027 0.511042 0.485432 0.499348 0.498018 0.493135 0.498525 0.518289 0.517496 0.503976 0.500950 0.505397 0.499937 0.480479 0.504486 0.488442 0.518994 0.504427 0.474259 0.492041 0.517372 0.537603 0.497769 0.488838 0.505456 0.529977 0.495241 0.481337 0.511896 0.506906 0.510678 0.486382 0.494484 0.485275 0.523116 0.493281 0.481901 0.515802 0.502317 0.486678 0.494463 0.507388 0.507452 0.515927 0.488084 0.525928 0.484130 0.472686 0.505866 0.512132 0.498373 0.540854 0.501569 0.492882 0.506948 0.484741 0.488978 0.504844 0.515365 0.506030 0.475057 0.502431 0.516189 0.496068 0.548441 0.494865 0.493350 0.508357 0.492713 0.467096 0.508293 0.493934 0.497430 0.503677 0.508721 0.508779 0.522212 1.37592 0.468400 0.492304 0.489385 0.509186 0.583902 0.479991
#mess 7 set 29 7 0.527518 0.473487 0.441327 0.428261 0.453690 0.493801 3.45645 0.430898 0.513681 0.451803 0.414859 0.665813 0.459296 0.595147 0.440111 0.360016 0.359632 0.412903 0.480265 3.54663 0.516173 0.592831 0.457951 0.453380 0.646462 0.445591 0.637979 0.487042 0.426396 0.379555 0.458940 0.472340 0.753987 0.800881 0.643402 0.533434 0.592167 0.417277 0.555836 0.529868 0.554296 0.566363 0.502437 0.536151 0.474237 -0.525314 0.794925 0.558467 0.528085 0.619556 0.382802 0.548796 0.478311 0.566472 0.564481 0.530067 0.527719 0.499931 0.0141022 0.644175 0.470184 0.530777 0.578272 0.406318 0.537596 0.457291 0.537388 0.538642 0.521351 0.511382 0.508003 0.439950 0.543091 0.537593 0.524555 0.540689 0.520347 0.526190 0.472447 0.499905 0.536196 0.516134 0.489423 0.523075 0.377367 0.508535 0.532145 0.514426 0.522025 0.535890 0.530743 0.492095 0.475756 0.543636 0.507932 0.510170 0.509660 0.357904 0.462263 0.529952 0.508206 0.464453 0.527464 0.563939 0.534657 0.509729 0.519785 0.538272 0.498344 0.452760 0.396792 0.494197 0.527573 0.551946 0.485758 0.474972 0.533956 0.509060 0.506945 0.504216 0.566063 0.508414 0.454262 0.429441 0.572380 0.556622 0.586278 0.526338
#mess 7 set 39 5 0.446877 0.459044 0.428706 0.492702 0.462907 0.524083 0.484334 0.503054 0.767193 0.460029 0.415114 0.553498 0.555708 0.477229 0.468526 0.471446 0.472987 0.486352 0.495570 0.473847 0.523215 1.78555 0.197028 0.232182 0.480803 0.468700 0.482572 0.486492 0.521569 0.466994 0.521335 0.524281 0.491666 0.521517 2.51064 0.139942 0.176602 0.317046 0.371998 0.483590 0.486871 0.497422 0.487908 0.522625 0.485991 0.519633 0.489332 2.42649 0.376610 0.212041 0.181476 0.326027 0.550371 0.476454 0.450190 0.573209 0.496793 0.331281 0.468302 0.441106 1.78510 0.474870 0.327034 0.317241 0.399957 0.484522 0.417914 0.468171 0.612629 0.483755 0.311023 0.442809 0.454782 1.08557 0.409951 0.584433 0.582303 0.479976 0.379038 0.471984 0.484714 0.527014 0.505790 0.513591 0.481566 0.538850 0.540008 0.496050 0.591007 0.658075 0.496583 0.440659 0.550535 0.539936 0.524552 0.485653 0.632556 0.474421 0.533393 0.588511 0.511374 0.319099 0.653700 0.439405 0.567734 0.518079 0.562015 0.527771 0.491727 0.565785 0.390641 0.408450 0.438163 0.569007 0.446683 0.492278 0.421440 0.530285 0.468575 0.532713 0.543911 0.582851 0.538159 0.393029 0.337093 0.000446796 0.719957 0.829258
#mess 7 set 49 3 0.356341 0.514063 0.406506 0.517402 0.441012 0.403405 0.671807 0.619239 0.532801 0.367299 -0.681606 0.874635 0.999032 0.473598 0.682120 0.430167 0.580437 0.470375 0.384550 0.545197 0.511129 0.606662 0.586403 0.175799 0.738241 0.624947 0.474655 0.736413 0.624781 0.483903 0.446017 0.439266 0.412014 0.476686 0.589131 0.660917 1.62103 0.328934 0.280220 0.369041 0.673630 0.536978 0.423929 0.426766 0.478989 0.401636 0.508558 0.585277 0.586777 1.90622 0.143662 0.194915 0.366266 0.524823 0.402401 0.463269 0.483631 0.508744 0.508188 0.502750 0.595004 0.574261 0.692403 0.311823 0.463311 0.559758 0.461564 0.449979 0.484024 0.551390 0.469033 0.477379 0.436360 0.575299 0.564531 -0.103909 0.610500 0.549892 0.539642 0.425609 0.610083 0.475738 0.563566 0.407714 0.496328 0.481901 0.569038 0.547440 -0.437709 0.742633 0.549495 0.494788 0.418376 0.643152 0.452826 0.510302 0.395066 0.503789 0.517473 0.548263 0.593484 -0.354378 0.812306 0.550244 0.443314 0.415278 0.596494 0.499212 0.503011 0.493179 0.522010 0.517466 0.459004 0.546152 -0.0736789 0.779595 0.557048 0.549028 0.418770 0.486299 0.592869 0.502398 0.559608 0.480231 0.522908 0.378588 0.378542 0.0550031
#mess 7 set 59 1 0.665991 0.516697 0.546108 0.457916 0.488718 0.529518 0.454778 0.582165 0.457299 0.551346 0.400345 0.353040 -0.114364 0.481816 0.537080 0.564801 0.537056 0.498051 0.438291 0.495698 0.548090 0.478125 0.520134 0.470244 0.414014 -0.127797 0.214986 0.576281 0.765389 0.572922 0.526643 0.520926 0.587654 0.523482 0.482253 0.478316 0.496249 0.483929 0.0321460 0.209451 0.563166 0.829651 0.594581 0.550874 0.607892 0.556864 0.513132 0.471161 0.460667 0.478007 0.519174 -0.0198459 0.505993 0.591529 0.595947 0.555068 0.495427 0.593572 0.469320 0.522809 0.485464 0.486121 0.487634 0.553782 -0.313069 0.717593 0.644393 0.452449 0.540799 0.399304 0.492805 0.490783 0.498772 0.504522 0.527667 0.558841 0.555130 -0.182368 0.717414 0.637002 0.417901 0.510630 0.455978 0.471123 0.548403 0.524487 0.500116 0.490184 0.542354 0.532413 0.151871 0.569903 0.551238 0.460700 0.544612 0.534343 0.508411 0.544528 0.545643 0.531246 0.476900 0.461651 0.480937 0.293086 0.451210 0.519733 0.482470 0.500463 0.540613 0.529412 0.500465 0.493549 0.502829 0.478013 0.457266 0.468818 0.378577 0.427826 0.490906 0.506956 0.509063 0.530011 0.485976 0.451066 0.440118 0.484117 0.502790 0.503285
#mess 7 set 68 12 0.483648 0.470394 0.472175 0.472219 0.546960 0.530089 0.513352 0.506080 0.471876 0.453768 0.487652 0.507609 0.508938 0.499956 0.492641 0.521586 0.501640 0.535756 0.527975 0.513400 0.570552 0.539311 0.534602 0.467950 0.466644 0.491335 0.502020 0.521492 0.534973 0.511743 0.474417 0.447627 0.474022 0.502044 0.503587 0.531364 0.495598 0.471993 0.493398 0.513517 0.502972 0.492364 0.508234 0.505611 0.467422 0.423541 0.451303 0.466229 0.482667 0.512012 0.511900 0.506283 0.497287 0.666200 0.531994 0.459214 0.523263 0.547606 0.483597 0.463644 0.457050 0.481209 0.528723 0.503831 0.463422 0.465216 0.607591 0.515528 0.456915 0.508785 0.581981 0.556431 0.527405 0.484110 0.513816 0.533399 0.500274 0.473821 0.476452 0.354226 0.489709 0.534184 0.492747 0.486181 0.519546 0.491015 0.503656 0.503304 0.512757 0.538648 0.526922 0.527462 0.215349 0.457913 0.593472 0.532389 0.446732 0.473622 0.451125 0.506251 0.496189 0.474857 0.558518 0.575914 0.541251 0.441178 0.493440 0.498610 0.472864 0.520788 0.499017 0.498143 0.518966 0.480740 0.465404 0.505098 0.553893 0.499608 0.735167 0.358264 0.376381 0.482982 0.487243 0.504411 0.541882 0.496093 0.507738 0.478162
#mess 7 set 78 10 0.475306 0.498565 0.468605 0.872190 0.270519 0.401275 0.574103 0.406889 0.479452 0.515349 0.484002 0.506503 0.462426 0.477534 0.485971 0.481850 0.629293 0.479023 0.494659 0.524567 0.438041 0.488976 0.495114 0.452821 0.502716 0.517692 0.509983 0.491712 0.522491 0.240604 0.737900 0.593362 0.373770 0.542845 0.549812 0.483222 0.494286 0.462854 0.523224 0.484063 0.508155 0.556778 0.544986 0.634919 0.470958 0.370555 0.512948 0.501292 0.497117 0.523453 0.521816 0.497343 0.497318 0.484389 0.506258 0.717521 0.442794 0.470995 0.433266 0.484115 0.479374 0.478839 0.550259 0.537049 0.496053 0.507030 0.502421 0.461948 0.327044 0.444428 0.548576 0.542795 0.512732 0.479427 0.516572 0.497210 0.494224 0.502414 0.535343 0.499909 0.487628 0.0915032 0.509617 0.587290 0.574341 0.556791 0.550658 0.538714 0.464789 0.444611 0.476690 0.490102 0.496747 0.505928 0.415848 0.449688 0.440570 0.523642 0.556653 0.497544 0.513837 0.496510 0.517448 0.490182 0.464680 0.472675 0.497240 0.513603 0.487957 0.415408 0.481313 0.512269 0.488256 0.506492 0.523186 0.560111 0.540990 0.493957 0.521033 0.502004 0.493778 0.499232 0.482210 0.465879 0.455022 0.473774 0.486408 0.537037
#mess 7 set 88 8 0.513592 0.552366 0.527991 0.516664 0.490168 0.506244 0.442763 0.480672 0.455946 0.456884 0.499143 0.467797 0.515184 0.491918 0.516952 0.513062 0.511953 0.500836 0.457648 0.433058 0.529315 0.550631 0.500973 0.526747 0.499993 0.503893 0.508477 0.494876 0.509561 0.492927 0.485691 0.407768 0.546873 0.539165 0.545099 0.519645 0.538987 0.519154 0.498929 0.500593 0.492753 0.507917 0.489380 0.472004 0.512928 0.623378 0.551182 0.487186 0.517264 0.498369 0.526311 0.468346 0.488467 0.491609 0.495357 0.463874 0.492353 1.41987 0.516898 0.378972 0.312597 0.535361 0.374261 0.408322 0.534685 0.526542 0.557976 0.486565 0.496001 0.515324 3.04217 0.207232 0.0946381 0.171456 0.450991 0.333997 0.374568 0.508635 0.552918 0.556215 0.470570 0.522373 0.488411 3.19006 0.0836815 0.106398 0.148943 0.428944 0.423300 0.362771 0.402477 0.495689 0.562360 0.520782 0.544513 0.460733 1.28591 0.410111 0.457226 0.400812 0.350612 0.552429 0.511121 0.434046 0.443804 0.581052 0.598586 0.564415 0.442935 0.476691 0.648095 0.642053 0.719951 0.402201 0.505216 0.546610 0.494622 0.445718 0.440683 0.534464 0.506268 0.521034 0.791362 0.574890 0.666545 0.781427 0.468838 0.471061
#mess 7 set 98 6 0.531528 0.490649 0.461117 0.340671 0.431782 0.432653 0.580785 0.593939 0.479605 0.463425 0.426217 0.449285 0.460039 0.503997 0.532994 0.557771 0.504786 0.452543 0.395346 0.534778 -0.0121870 0.494982 0.360043 0.153826 0.456582 0.464908 0.564920 0.657436 0.639719 0.686432 0.540705 0.404401 0.384396 -0.340370 0.619123 0.470781 0.271323 0.544544 0.445753 0.518378 0.598095 0.582421 0.677580 0.572590 0.492568 0.390018 0.532021 0.447224 0.500574 0.537220 0.564118 0.470408 0.416740 0.471124 0.563834 0.514282 0.453134 0.510762 0.539176 1.46686 0.0838256 0.428110 0.768739 0.521928 0.505324 0.347070 0.439945 0.474878 0.376058 0.377605 0.399441 0.594004 1.31840 0.00469452 0.403870 0.811040 0.437544 0.548553 0.509348 0.539224 0.456483 0.378419 0.470827 0.369302 0.489212 0.189370 0.409136 0.477796 0.768557 0.421956 0.546914 0.665377 0.533157 0.503812 0.450156 0.477068 0.440806 0.457458 -0.0495605 0.589475 0.426423 0.638233 0.397454 0.624051 0.667876 0.525315 0.489862 0.458709 0.317132 0.548437 0.645876 0.377681 0.639205 0.433979 0.554287 0.419206 0.663114 0.563950 0.494961 0.399963 0.380715 0.274975 0.587364 0.733829 0.372413 0.740130 0.477420 0.357509
#mess 7 set 108 4 0.434228 0.585145 0.493713 0.588537 0.541742 0.430457 0.462349 0.495402 0.573786 -0.351689 0.927075 0.621529 0.203441 0.485881 0.406546 0.431328 0.607276 0.648669 0.533166 0.637249 0.465532 0.401604 -0.0175875 0.679461 0.765093 0.307163 0.563118 0.375014 0.411250 0.466472 0.446261 0.496590 0.664323 0.587143 0.426139 0.893948 0.328238 0.618520 0.353773 0.625648 0.432222 0.536965 0.384932 0.370674 0.464437 0.460910 0.546147 0.493049 1.23014 0.181118 0.421860 0.376097 0.581760 0.483009 0.509821 0.408029 0.524122 0.611990 0.398677 0.403621 0.474706 0.820642 0.231122 0.364067 0.677546 0.555162 0.524245 0.400806 0.442007 0.509585 0.632713 0.540791 0.413974 0.317469 0.748738 0.316792 0.382763 0.861218 0.446716 0.569128 0.476717 0.549427 0.426279 0.483588 0.591401 0.457185 0.333791 0.777106 0.528357 0.405171 0.579411 0.440461 0.531031 0.533581 0.561580 0.395607 0.476094 0.582497 0.494340 0.411953 0.0332690 0.855086 0.562463 0.238956 0.522867 0.478413 0.448047 0.527667 0.549895 0.672454 0.630055 0.560599 0.490730 -0.683532 0.915156 0.749625 0.200026 0.445812 0.383203 0.518778 0.427472 0.646367 0.650483 0.647470 0.620716 0.502247 -0.235343 0.669083
#mess 7 set 118 2 0.763996 0.423056 0.408176 0.421118 0.525825 0.422012 0.592188 0.500273 0.556195 0.601066 0.511906 0.683464 0.280790 0.633251 0.688136 0.505628 0.569635 0.486304 0.436453 0.403479 0.315456 0.464455 0.569316 0.578806 0.632500 0.174725 0.539895 0.852516 0.667951 0.613073 0.483801 0.392333 0.340006 0.284520 0.416226 0.571571 0.652524 0.346060 0.666720 0.480018 0.645984 0.632838 0.572654 0.509000 0.372843 0.358255 0.355146 0.421093 0.502887 0.576642 0.543695 1.09333 0.236325 0.345578 0.571629 0.483718 0.499008 0.510355 0.503824 0.608316 0.471738 0.421383 0.405530 0.868968 0.684635 0.0550665 0.292141 0.589497 0.458473 0.560084 0.627846 0.580076 0.728410 0.511096 0.449957 0.290212 1.08785 -0.0210537 0.239543 0.616184 0.522344 0.373940 0.624171 0.619016 0.596144 0.691304 0.566697 0.497289 0.317557 0.995937 -0.115119 0.535041 0.738793 0.387371 0.393194 0.609575 0.525431 0.585365 0.488235 0.558211 0.500400 0.463864 0.790240 0.154584 0.507826 0.586052 0.356775 0.471950 0.579391 0.531960 0.580497 0.377749 0.426469 0.455864 0.634814 0.233996 0.537601 0.507704 0.533356 0.432745 0.550817 0.482574 0.508723 0.486613 0.302048 0.387960 0.473527 0.694702
#mess 7 set 128 0 -1.02363 0.870086 0.712800 0.700724 0.557859 0.636349 0.484167 0.469746 0.386542 0.295705 0.501627 0.559391 0.632189 -0.817110 0.784561 0.832265 0.598271 0.582144 0.625920 0.413576 0.495090 0.395243 0.420745 0.579829 0.570895 0.554651 1.21554 0.425796 0.559970 0.366495 0.511325 0.462012 0.336195 0.544994 0.470670 0.529494 0.581302 0.514941 0.519791 2.58366 0.200627 0.267854 0.173190 0.430529 0.349979 0.278367 0.522132 0.477603 0.592383 0.550551 0.549579 0.526870 0.990076 0.517168 0.434037 0.215889 0.581768 0.505575 0.383743 0.407841 0.484081 0.665344 0.578138 0.603093 0.490223 0.00123298 0.699846 0.654087 0.228533 0.512391 0.583228 0.595518 0.395450 0.476400 0.679942 0.613278 0.625662 0.377821 -0.210412 0.776281 0.716933 0.341488 0.433250 0.510768 0.655928 0.435782 0.481111 0.602866 0.593474 0.575864 0.376577 0.365989 0.609820 0.570783 0.707379 0.438437 0.395716 0.518262 0.447375 0.468484 0.333119 0.363324 0.434904 0.557353 0.816219 0.522992 0.452017 0.773911 0.563980 0.449312 0.426923 0.482158 0.492451 0.266181 0.298124 0.406168 0.635619 0.896457 0.495924 0.413204 0.521073 0.477780 0.534934 0.506850 0.578127 0.518821 0.439671 0.442036
#mess 7 set 137 11 0.439634 0.527459 0.384757 0.600587 0.429100 0.305981 0.382721 0.607458 0.596514 0.621198 0.605985 0.679114 0.669976 0.482333 0.425756 -0.156418 0.685933 0.484954 0.442268 0.366861 0.556240 0.511127 0.495601 0.685906 0.675262 0.700851 0.535725 0.449792 -0.147419 0.726394 0.336658 0.567615 0.489227 0.384197 0.466763 0.370219 0.568423 0.625779 0.565177 0.441489 0.471722 0.499758 0.521775 0.230158 0.572460 0.613912 0.421993 0.536419 0.480343 0.499457 0.569031 0.455861 0.284888 0.379532 0.794505 0.287832 0.374164 0.533493 0.633580 0.548427 0.556970 0.644940 0.557461 0.481336 0.379727 0.269822 0.333288 0.191924 0.540619 0.622789 0.483797 0.511802 0.505710 0.472559 0.609092 0.537971 0.457284 0.369302 0.453912 0.470727 0.399447 0.476037 0.733981 0.408710 0.439179 0.473965 0.382706 0.507282 0.390691 0.446925 0.382305 0.622025 0.611116 1.16521 0.223451 0.519482 0.406254 0.536179 0.566706 0.433527 0.488255 0.428877 0.435424 0.477029 0.613288 0.610009 1.13878 0.232961 0.386975 0.423574 0.570578 0.559132 0.515946 0.517621 0.501472 0.469921 0.618062 0.661569 0.604405 -0.382525 0.717103 0.683385 0.555777 0.438354 0.524984 0.505223 0.443995 0.461567
#mess 7 set 147 9 0.446752 0.631315 0.667472 0.608513 -0.788272 0.846988 0.915120 0.492971 0.379424 0.489383 0.506128 0.450653 0.480178 0.449832 0.503222 0.564370 0.531896 0.239664 0.635225 0.708613 0.361701 0.448032 0.409185 0.537878 0.439826 0.526864 0.540808 0.487177 0.520505 0.524547 1.21560 0.223816 0.515922 0.505407 0.552793 0.401368 0.549539 0.451033 0.466469 0.514148 0.518835 0.543467 0.595363 0.744353 -0.0130956 0.558307 0.781472 0.637820 0.536975 0.548786 0.473091 0.399122 0.360960 0.382411 0.424192 0.506835 0.390418 0.168422 0.538826 0.718780 0.665171 0.596371 0.551033 0.533110 0.452715 0.382057 0.366833 0.370024 0.411281 0.644268 0.755391 0.402771 0.345416 0.457029 0.578802 0.520314 0.483322 0.508356 0.555220 0.515661 0.486321 0.457931 0.910741 1.13087 0.100481 0.370674 0.294958 0.540992 0.500373 0.394917 0.509694 0.596274 0.548458 0.531812 0.515417 0.177215 1.08200 0.0938355 0.584287 0.481840 0.504157 0.483702 0.463236 0.468759 0.521408 0.495107 0.492823 0.520242 -1.19413 0.631535 0.731805 0.787195 0.666328 0.526181 0.460915 0.608767 0.492140 0.470770 0.483167 0.507178 0.533801 -1.21886 0.247140 1.01446 0.731684 0.655862 0.589404 0.524673
#mess 7 set 157 7 0.652293 0.501733 0.489842 0.467680 0.474198 0.516858 -0.288517 0.233849 0.737705 0.668841 0.585237 0.591537 0.557460 0.567187 0.501503 0.457236 0.468548 0.459604 0.507813 0.359901 0.503909 0.540862 0.508228 0.544815 0.497800 0.480724 0.512522 0.535295 0.486358 0.498803 0.521059 0.481957 0.314433 0.594664 0.603024 0.501810 0.480407 0.447064 0.509410 0.484333 0.553487 0.504161 0.521685 0.542758 0.473308 0.394062 0.545992 0.554479 0.537577 0.511331 0.482538 0.515626 0.479952 0.505219 0.485069 0.497499 0.524914 0.500414 0.476026 0.520532 0.509380 0.561671 0.556668 0.514474 0.542593 0.495514 0.477002 0.440915 0.475051 0.485210 0.506442 0.504772 0.557905 0.489111 0.491407 0.513146 0.471783 0.496795 0.510593 0.515262 0.488886 0.480724 0.466323 0.529067 0.462918 0.531283 0.508424 0.444908 0.455399 0.490452 0.494703 0.509265 0.529036 0.551237 0.485172 0.453004 0.487650 0.414380 0.477956 0.468625 0.478057 0.472044 0.530561 0.462786 0.501119 0.511372 0.529952 0.532224 0.528582 0.491416 0.425735 0.419266 0.451059 0.483735 0.493225 0.512049 0.477138 0.485713 0.510690 0.476747 0.532573 0.552919 0.506776 0.494401 0.461368 0.485417 0.463241 0.510956
#mess 7 set 167 5 0.511266 0.522302 0.497183 0.501636 0.479468 0.489769 0.500111 0.507568 0.598321 0.525181 0.483912 0.475323 0.519513 0.524847 0.545727 0.476287 0.502882 0.520911 0.496593 0.475334 0.480580 0.686413 0.540235 0.448508 0.513167 0.529337 0.505394 0.486533 0.471768 0.523344 0.546337 0.488604 0.466534 0.499800 0.503988 0.496812 0.478775 0.503427 0.488274 0.485080 0.507601 0.496397 0.455030 0.470425 0.507064 0.466142 0.485505 0.300531 0.462773 0.549183 0.536439 0.481081 0.425340 0.472521 0.527078 0.460263 0.462468 0.510074 0.495697 0.516799 0.470056 0.471469 0.496856 0.511799 0.495277 0.484900 0.460843 0.495393 0.506393 0.511120 0.508932 0.536840 0.533640 0.919713 0.413095 0.434732 0.505018 0.529983 0.577557 0.463538 0.502408 0.540259 0.541004 0.489167 0.490367 0.525180 0.669515 0.471795 0.469808 0.481675 0.516121 0.570028 0.509756 0.497167 0.529341 0.504998 0.479058 0.473758 0.472361 0.244507 0.541715 0.552992 0.487579 0.464464 0.485780 0.532787 0.509332 0.486076 0.448342 0.494259 0.492969 0.446565 0.258337 0.485812 0.518109 0.464446 0.440391 0.447531 0.530636 0.521698 0.460272 0.471413 0.496478 0.516284 0.490757 0.545654 0.446684 0.481274
#mess 7 set 177 3 0.528027 0.493390 0.491519 0.487529 0.536660 0.508551 0.513779 0.497887 0.509691 0.530432 0.502207 0.461458 0.502555 0.518792 0.493900 0.495940 0.465668 0.503937 0.523869 0.511794 0.527307 0.511094 0.478405 0.452413 0.505611 0.483347 0.497021 0.512536 0.475436 0.471372 0.485068 0.501398 0.488513 0.474756 0.495520 0.451144 0.431697 0.537278 0.494963 0.473616 0.470998 0.468634 0.500048 0.468667 0.486132 0.460925 0.470397 0.498916 0.494755 0.412236 0.508115 0.495359 0.487835 0.503408 0.510224 0.489024 0.463228 0.456521 0.483712 0.503740 0.511620 0.513021 0.417674 0.510708 0.553794 0.491246 0.517953 0.514778 0.514177 0.488699 0.468374 0.514552 0.536022 0.535297 0.523836 1.99889 0.258615 0.190459 0.609873 0.312659 0.506698 0.514502 0.526046 0.482409 0.541683 0.492449 0.505461 0.506539 3.58476 0.0586237 0.0109339 0.493978 0.193935 0.383459 0.400395 0.494402 0.540201 0.551348 0.486492 0.522617 0.463223 3.23975 0.0361857 0.116369 0.389710 0.283285 0.376884 0.352941 0.489589 0.535595 0.566723 0.528652 0.538010 0.450452 1.24874 0.262789 0.478610 0.387447 0.484177 0.494689 0.477203 0.608842 0.567659 0.566328 0.561328 0.428248 0.385796 -0.00271338
#mess 7 set 187 1 0.541444 0.582111 0.284182 0.539420 0.578887 0.504400 0.640810 0.598285 0.600421 0.524973 0.305196 0.384578 -0.742657 0.956505 0.741263 0.174073 0.589003 0.511729 0.562738 0.525931 0.622726 0.598962 0.459446 0.281491 0.393560 -0.559929 0.955424 0.624400 0.253218 0.569999 0.461588 0.609897 0.453278 0.625250 0.540669 0.461410 0.386419 0.479364 0.592510 0.559559 0.430266 0.468387 0.514506 0.454950 0.609634 0.452438 0.560464 0.426384 0.423711 0.484824 0.607244 1.36547 0.256765 0.386192 0.568868 0.467702 0.542187 0.553888 0.512280 0.423544 0.301290 0.360453 0.589748 0.741055 1.04191 0.300795 0.505508 0.591244 0.468359 0.555640 0.545908 0.542201 0.331733 0.271691 0.398194 0.650368 0.721223 0.515631 0.525054 0.569560 0.590073 0.520706 0.478536 0.524843 0.539391 0.305921 0.358339 0.516869 0.645687 0.617191 0.443834 0.572666 0.591044 0.682075 0.621453 0.412961 0.475066 0.359928 0.387873 0.522882 0.634803 0.584270 0.433083 0.562269 0.538119 0.515522 0.670587 0.624996 0.409515 0.364414 0.300468 0.518444 0.587972 0.614595 0.511126 0.354402 0.710023 0.380650 0.344846 0.443793 0.511447 0.548873 0.355819 0.540285 0.598464 0.606135 0.475888 0.417650
#mess 7 set 196 12 0.368870 0.805158 0.312216 0.327554 0.433495 0.348110 0.540962 0.360133 0.602193 0.551740 0.605366 0.475750 0.456310 0.373667 0.241554 0.470317 0.508373 0.490933 0.366999 0.522201 0.491867 0.538993 0.515635 0.625835 0.619173 0.541993 0.381325 -0.749647 0.932322 0.774317 0.382879 0.467026 0.486111 0.618870 0.459041 0.555702 0.630296 0.643345 0.456392 0.397629 -0.532068 0.965205 0.693774 0.348104 0.529424 0.471013 0.652980 0.451016 0.621488 0.620549 0.559031 0.338043 0.441964 0.204324 0.642137 0.559829 0.407254 0.527355 0.469861 0.607255 0.427136 0.609326 0.598475 0.419076 0.360988 0.467496 0.707590 0.380885 0.502220 0.408003 0.527053 0.533568 0.558639 0.526232 0.592249 0.488853 0.296560 0.405965 0.551087 0.864245 0.201264 0.432517 0.416618 0.530106 0.525972 0.514520 0.640501 0.510194 0.323538 0.317379 0.535704 0.670622 0.900687 0.228769 0.377055 0.498904 0.495507 0.503718 0.507402 0.632892 0.380976 0.234336 0.364023 0.633295 0.733508 0.521924 0.527105 0.472571 0.450007 0.525037 0.529093 0.499590 0.564721 0.414516 0.477018 0.503718 0.545733 0.487726 0.372173 0.734973 0.526005 0.485607 0.446331 0.559736 0.415273 0.423314 0.435851 0.716811
#mess 7 set 206 10 0.767673 0.527233 0.259709 0.465900 0.628213 0.296404 0.716639 0.454361 0.496038 0.450811 0.279731 0.434864 0.720078 0.897859 0.631470 0.316965 0.818111 0.294727 0.309254 0.803014 0.510469 0.473096 0.489854 0.341863 0.512724 0.520490 0.632565 0.632221 0.490060 0.927470 0.268678 0.562507 0.600619 0.549469 0.544556 0.472933 0.605306 0.536360 0.391525 0.345896 0.469948 0.556743 0.204697 0.630105 0.669311 0.314664 0.508326 0.500595 0.470219 0.714512 0.535029 0.450432 0.353941 0.411659 0.546481 0.0957376 0.751983 0.542219 0.270784 0.498528 0.448209 0.495036 0.493196 0.514759 0.539153 0.521528 0.500307 0.562891 0.461781 0.564063 0.544611 0.393894 0.517492 0.497941 0.492802 0.373973 0.511227 0.531341 0.614244 0.562819 0.538864 0.554068 0.499928 0.576991 0.431399 0.540262 0.540841 0.496408 0.429278 0.496677 0.472058 0.563890 0.584407 0.558815 0.608529 0.440151 0.537524 0.441714 0.532229 0.475377 0.548064 0.473989 0.458721 0.481476 0.539553 0.660861 0.548532 0.805890 0.406068 0.551632 0.487914 0.481881 0.437978 0.565774 0.401978 0.317631 0.436653 0.497233 0.637753 0.560196 -0.383954 0.757905 0.634466 0.623290 0.567011 0.514260 0.523714 0.440179
#mess 7 set 216 8 0.352638 0.425478 0.492148 0.529692 0.559597 -0.450097 0.790754 0.447952 0.761150 0.620153 0.564784 0.447064 0.523296 0.589550 0.376703 0.367479 0.377702 0.574987 1.28376 0.303030 0.139937 0.755336 0.522001 0.452614 0.440760 0.527009 0.686524 0.417152 0.405727 0.426427 0.559116 2.15473 -0.0289582 0.185387 0.632216 0.436458 0.373391 0.482977 0.452903 0.565714 0.452913 0.506224 0.547566 0.561276 0.707327 0.203067 0.521096 0.655013 0.472715 0.430694 0.543158 0.443858 0.378950 0.493596 0.522055 0.578516 0.577849 -0.308114 0.674490 0.603593 0.631346 0.473356 0.470841 0.573672 0.461013 0.366372 0.533317 0.475337 0.530342 0.571748 -0.0782300 0.857073 0.454133 0.555717 0.485840 0.439659 0.510739 0.523431 0.410438 0.520830 0.454743 0.438369 0.509341 0.404197 0.762385 0.371917 0.538298 0.492200 0.440592 0.465509 0.580966 0.464006 0.496400 0.465921 0.406792 0.460834 0.285024 0.765069 0.502817 0.440504 0.428808 0.466638 0.405996 0.587411 0.483627 0.461590 0.451985 0.445940 0.444405 -0.442137 0.843143 0.782074 0.309792 0.424159 0.526395 0.360986 0.577084 0.544523 0.433986 0.433358 0.499399 0.468458 -0.719874 0.620602 0.972637 0.355564 0.511687 0.631303
#mess 7 set 226 6 0.427939 0.542628 0.519751 0.447171 0.489443 0.570581 0.531640 -0.735774 0.294418 0.914450 0.582678 0.651259 0.706817 0.594182 0.527251 0.492420 0.520015 0.527021 0.531004 0.485887 -0.412432 0.268462 0.650506 0.678895 0.715329 0.644622 0.638890 0.476873 0.539222 0.515414 0.531831 0.453004 0.417336 0.164315 0.439874 0.510941 0.621912 0.614239 0.535577 0.567498 0.485451 0.549655 0.516870 0.511852 0.419719 0.458768 0.503659 0.569407 0.560744 0.551892 0.541635 0.505540 0.510184 0.483071 0.461308 0.494410 0.505032 0.469041 0.494186 0.489280 0.537560 0.545218 0.543689 0.525781 0.515959 0.523539 0.499867 0.465904 0.466372 0.465269 0.481502 0.494147 0.427870 0.466102 0.502057 0.520908 0.531629 0.481547 0.467897 0.498944 0.457454 0.493285 0.497251 0.511601 0.523878 0.441826 0.434655 0.449315 0.475835 0.514185 0.539106 0.494738 0.486748 0.513583 0.499126 0.508592 0.501279 0.497786 0.490375 0.476346 0.451154 0.450625 0.514102 0.487937 0.504841 0.524265 0.521380 0.501676 0.479571 0.496780 0.445446 0.449039 0.458503 0.484267 0.443824 0.479539 0.511820 0.530182 0.510802 0.514936 0.524407 0.475099 0.455096 0.469521 0.450067 0.455035 0.495075 0.468810
#mess 7 set 236 4 0.445412 0.460691 0.493510 0.486104 0.504028 0.516575 0.513513 0.472797 0.465858 0.513223 0.473947 0.470285 0.484749 0.439842 0.472657 0.465896 0.463497 0.521093 0.496202 0.538681 0.525582 0.534274 0.576606 0.537428 0.483112 0.516864 0.502556 0.501528 0.519100 0.486639 0.509560 0.518267 0.517446 0.571617 0.533544 0.526826 0.531547 0.503005 0.540594 0.573850 0.568555 0.560025 0.538600 0.515876 0.540791 0.494009 0.528572 0.517094 0.496698 0.528780 0.528624 0.522656 0.549673 0.537155 0.514978 0.509656 0.458483 0.468421 0.480821 0.522280 0.519509 0.473672 0.499162 0.534007 0.542617 0.523254 0.499762 0.450992 0.459629 0.471046 0.464062 0.520427 0.524653 0.521160 0.489659 0.473569 0.492275 0.513328 0.480603 0.495108 0.488935 0.490189 0.530373 0.532543 0.531112 0.488966 0.494589 0.529342 0.528016 0.532690 0.464391 0.449803 0.501438 0.516129 0.558270 0.568167 0.540662 0.477870 0.481531 0.475859 0.461530 0.526244 0.533523 0.470529 0.455636 0.452739 0.495042 0.535766 0.491124 0.524336 0.502832 0.485894 0.501320 0.391100 0.435774 0.435769 0.483740 0.516370 0.497454 0.486499 0.473885 0.463930 0.490940 0.539828 0.499334 0.484586 0.456818 0.421059
#mess 7 set 246 2 0.419291 0.461253 0.508411 0.492775 0.485617 0.501867 0.509118 0.506042 0.498339 0.494775 0.510643 0.579934 0.495923 0.522969 0.500736 0.497365 0.509386 0.530158 0.515910 0.506919 0.507212 0.482075 0.465586 0.488495 0.571398 0.524235 0.515834 0.512998 0.503526 0.470034 0.484060 0.498060 0.497589 0.486279 0.488824 0.493994 0.504197 0.493482 0.519367 0.492072 0.494698 0.504476 0.456442 0.449890 0.487974 0.508357 0.460335 0.477412 0.487523 0.496175 0.460529 0.512886 0.488287 0.504897 0.497484 0.489530 0.478404 0.499373 0.510274 0.480192 0.457803 0.496161 0.489512 0.465607 0.519360 0.499127 0.516986 0.534302 0.538864 0.520977 0.484738 0.499204 0.513947 0.500336 0.489196 0.479342 0.470314 0.481312 0.512231 0.496666 0.490425 0.523991 0.506295 0.475757 0.512511 0.534691 0.497316 0.465659 0.493817 0.559469 0.518760 0.511707 0.499736 0.476281 0.528006 0.528627 0.516972 0.528269 0.487823 0.484031 0.481859 0.506985 0.616729 0.561046 0.551001 0.554204 0.521574 0.491256 0.524043 0.509064 0.487969 0.451810 0.481401 0.515703 0.493523 0.748290 0.650366 0.544819 0.435825 0.473678 0.455794 0.474248 0.490261 0.464067 0.520262 0.528718 0.524809 0.473558
#mess 7 set 256 0 1.70597 0.733476 0.314245 0.127129 0.291301 0.365288 0.478055 0.501308 0.456113 0.560225 0.587952 0.536575 0.443712 2.83006 0.355968 0.142236 0.0942765 0.273947 0.314781 0.458014 0.512771 0.452437 0.560663 0.562182 0.581760 0.489684 2.51601 -0.0991982 0.208285 0.356971 0.449975 0.427738 0.499130 0.488753 0.439811 0.587737 0.592863 0.610206 0.497318 1.07674 0.119611 0.437431 0.436848 0.535880 0.487412 0.461339 0.457630 0.547923 0.644665 0.638494 0.578728 0.436270 -0.333645 0.696708 0.592733 0.492537 0.476801 0.478513 0.436841 0.488747 0.599933 0.518531 0.535854 0.486918 0.507137 0.203001 0.595915 0.553230 0.540723 0.417884 0.525101 0.468653 0.574716 0.619672 0.464712 0.327646 0.307156 0.616314 1.28458 0.153163 0.388566 0.567676 0.447027 0.664439 0.561844 0.636104 0.570391 0.401290 0.250236 0.236326 0.650858 1.21777 0.158639 0.355791 0.503203 0.462102 0.620435 0.576767 0.618133 0.493303 0.360105 0.341040 0.338695 0.592818 -0.414141 0.734879 0.539080 0.539150 0.469804 0.602993 0.566820 0.592105 0.478977 0.385516 0.486081 0.476159 0.525754 -0.193253 0.760257 0.563996 0.476141 0.725344 0.527325 0.519460 0.441738 0.450435 0.519886 0.488135
#mess 7 set 265 11 0.556515 0.408716 1.21775 0.339320 0.385440 0.480822 0.759997 0.426923 0.429664 0.441063 0.466682 0.573111 0.500690 0.533541 0.416949 1.63451 0.109490 0.321124 0.541766 0.534109 0.357054 0.382750 0.500519 0.573584 0.618690 0.568154 0.443313 0.386678 0.194843 0.506191 0.552249 0.534250 0.366506 0.483225 0.515534 0.538997 0.592232 0.604403 0.615850 0.447595 0.318690 -0.581696 0.897662 0.748355 0.493744 0.312417 0.577317 0.603120 0.428545 0.565199 0.612996 0.593628 0.413980 0.328562 -0.127257 0.749755 0.714970 0.480690 0.390138 0.517360 0.529410 0.362270 0.551544 0.565316 0.535531 0.454290 0.419103 0.735063 0.347691 0.540834 0.535655 0.548825 0.455140 0.415540 0.416357 0.523222 0.498401 0.527306 0.535354 0.455799 1.10816 0.160329 0.325557 0.625953 0.553476 0.506884 0.460539 0.568972 0.485573 0.438313 0.468599 0.555170 0.486677 0.724097 0.349187 0.201071 0.775120 0.478264 0.541296 0.556562 0.638255 0.482273 0.485754 0.382902 0.436568 0.583247 0.315980 0.585781 0.205851 0.683318 0.507277 0.524831 0.573428 0.664750 0.472241 0.373645 0.301520 0.408982 0.752504 0.0376616 0.707995 0.490440 0.485380 0.538032 0.526969 0.541601 0.556328 0.488764
#mess 7 set 275 9 0.282687 0.324531 0.522237 0.817947 0.386216 0.580054 0.784015 0.403765 0.526114 0.453757 0.506726 0.343967 0.368714 0.316934 0.486849 0.667910 0.609254 0.736195 0.445431 0.750287 0.473294 0.490555 0.389500 0.476724 0.253443 0.304461 0.498618 0.667243 0.694509 0.370269 0.716017 0.590376 0.496861 0.351008 0.446189 0.459507 0.440479 0.426575 0.396371 0.690519 0.791092 0.626940 0.332081 0.509196 0.723917 0.409122 0.268269 0.443361 0.520569 0.455669 0.544140 0.523472 0.726285 0.752560 0.616844 0.469126 0.702930 0.484092 0.506646 0.562506 0.573886 0.500603 0.438016 0.526224 0.514304 0.487432 0.498283 0.554180 0.555638 0.774696 0.340312 0.502888 0.736617 0.592602 0.491738 0.483525 0.500433 0.538561 0.329263 0.369719 0.484936 0.568909 0.504783 0.491678 0.363136 0.555598 0.458270 0.492329 0.505854 0.503521 0.610809 0.520695 0.387193 0.366614 0.401922 0.362705 0.473659 0.301463 0.521828 0.373037 0.463124 0.463907 0.495965 0.580994 0.648712 0.517800 0.495057 0.346375 0.371111 0.262333 0.490800 0.529956 0.482885 0.484850 0.408615 0.475448 0.550050 0.585158 0.593688 0.626369 0.453870 0.592704 0.272434 0.719824 0.416657 0.595282 0.533602 0.478026
#mess 7 set 285 7 0.486102 0.522533 0.465922 0.585410 0.522107 0.495322 0.689122 0.435182 0.646075 0.330671 0.595937 0.482312 0.517137 0.505023 0.481092 0.484879 0.491903 0.355645 0.447448 0.362195 0.685219 0.568672 0.528869 0.528916 0.430894 0.488500 0.483861 0.396565 0.491694 0.477767 0.387106 0.455017 -0.341538 0.868108 0.698907 0.742972 0.544372 0.565313 0.519224 0.450074 0.371489 0.366946 0.389759 0.524308 0.623197 -1.25893 0.773525 0.767125 0.731036 0.614482 0.658584 0.591842 0.509764 0.421480 0.329462 0.374484 0.571060 0.695058 -0.262501 0.518410 0.494757 0.378026 0.550933 0.561645 0.559933 0.557736 0.533101 0.445520 0.410001 0.559738 0.616492 1.49548 0.468420 0.215206 0.0732786 0.409021 0.417652 0.558593 0.547834 0.601592 0.621082 0.498717 0.492955 0.445907 2.18293 0.423101 0.270293 0.0497977 0.416468 0.373752 0.492046 0.513274 0.622533 0.670377 0.563313 0.504582 0.459877 0.589597 0.566613 0.497282 0.366103 0.449717 0.402264 0.442418 0.504038 0.576074 0.664845 0.688676 0.574423 0.465907 0.0670821 0.554905 0.606338 0.674541 0.440069 0.536705 0.479813 0.449806 0.386427 0.533677 0.757880 0.659565 0.531248 0.391302 0.475959 0.489299 0.588579 0.402520
#mess 7 set 295 5 0.620999 0.515271 0.376423 0.283056 0.388496 0.641693 0.594506 0.600439 0.497039 0.479479 0.506935 0.565261 0.495388 0.604492 0.482848 0.417239 0.420777 0.367030 0.424740 0.529875 0.616405 0.0211265 0.393492 0.626467 0.726217 0.647349 0.529925 0.490138 0.551056 0.559151 0.399901 0.273685 0.406737 0.504678 0.0893518 0.312627 0.592947 0.729209 0.662978 0.474878 0.510101 0.602833 0.599950 0.485139 0.350824 0.384016 0.427256 0.984078 0.464920 0.213839 0.504816 0.433514 0.427303 0.438140 0.473870 0.594857 0.498759 0.539372 0.465067 0.489812 1.61971 0.492282 0.177434 0.483742 0.405763 0.456618 0.428948 0.451047 0.518264 0.412525 0.544134 0.503628 0.539633 1.42183 0.443722 0.460384 0.566572 0.485992 0.476088 0.461389 0.507759 0.452433 0.416970 0.449170 0.445550 0.509554 0.291004 0.582849 0.680958 0.488109 0.545427 0.514266 0.440977 0.553745 0.406099 0.516754 0.433429 0.498665 0.532625 -0.316813 0.651805 0.612697 0.412913 0.536372 0.477491 0.511237 0.471638 0.443130 0.546267 0.484948 0.522485 0.499561 0.0171749 0.522625 0.535904 0.483980 0.549502 0.517826 0.608071 0.470540 0.482640 0.510714 0.473721 0.481456 0.457997 0.583284 0.361251 0.472631
#mess 7 set 305 3 0.592289 0.519500 0.513094 0.652876 0.554755 0.550784 0.502122 0.486037 0.478405 0.440062 0.510918 0.444942 0.543989 0.605076 0.512752 0.484104 0.525013 0.551637 0.530495 0.515913 0.519628 0.549680 0.524656 0.290230 0.592932 0.567856 0.517290 0.506934 0.494574 0.452888 0.474348 0.479489 0.504394 0.511150 0.526417 0.535848 -0.251789 0.620393 0.597078 0.490329 0.543485 0.600608 0.472841 0.507830 0.514247 0.547444 0.513920 0.498015 0.528958 -1.00668 0.581940 0.702744 0.613086 0.574937 0.648268 0.499329 0.522389 0.537874 0.523463 0.500656 0.447661 0.488262 -1.11205 0.703036 0.780181 0.664560 0.574672 0.586577 0.550652 0.487305 0.514674 0.450686 0.458912 0.418801 0.444058 -0.388649 0.747661 0.690561 0.553984 0.538110 0.459193 0.569194 0.473692 0.465640 0.419696 0.460564 0.485164 0.453060 0.499937 0.480479 0.504486 0.488442 0.518994 0.504427 0.474259 0.492041 0.517372 0.537603 0.497769 0.488838 0.505456 0.504486 0.488442 0.518994 0.504427 0.474259 0.492041 0.517372 0.537603 0.497769 0.488838 0.505456 0.522004 0.499588
#mess 3 set Bmean "#7"
#obj 8 fmat
#mess 8 size 314 2
#mess 8 set 0 0 0.00000 0.00000 0.00000 0.00000 0.00000 0.00000 0.00000 0.00000 0.00000 0.00000 0.00000 0.00000 0.00000 0.00000 0.00000 0.00000 0.00000 0.00000 0.00000 0.00000 0.00000 0.00000 0.00000 0.00000 0.00000 0.00000 0.00000 0.00000 0.00000 0.00000 0.00000 0.00000 0.00000 0.00000 0.00000 0.00000 0.00000 0.00000 0.00000 0.00000 0.00000 0.00000 0.00000 0.00000 0.00000 0.00000 0.00000 0.00000 0.00000 0.00000 0.00000 0.00000 0.00000 0.00000 0.00000 0.00000 0.00000 0.00000 0.00000 0.00000 0.00000 0.00000 0.00000 0.00000 0.00000 0.00000 0.00000 0.00000 0.00000 0.00000 0.00000 0.00000 0.00000 0.00000 0.00000 0.00000 0.00000 0.00000 0.00000 0.00000 0.00000 0.00000 0.00000 0.00000 0.00000 0.00000 1.00000 1.00000 0.00000 1.00000 0.00000 1.00000 0.00000 1.00000 0.00000 1.00000 1.00000 2.00000 0.00000 2.00000 0.00000 2.00000 0.00000 2.00000 0.00000 2.00000 0.00000 2.00000 0.00000 2.00000 0.00000 2.00000 0.00000 2.00000 0.00000 2.00000 0.00000 2.00000 0.00000 2.00000 0.00000 2.00000 0.00000 2.00000 0.00000 2.00000 0.00000 2.00000
#mess 8 set 64 0 0.00000 2.00000 0.00000 2.00000 0.00000 2.00000 0.00000 2.00000 0.00000 2.00000 0.00000 2.00000 0.00000 2.00000 0.00000 2.00000 0.00000 2.00000 0.00000 2.00000 0.00000 2.00000 0.00000 2.00000 0.00000 2.00000 0.00000 2.00000 0.00000 2.00000 0.00000 2.00000 0.00000 2.00000 0.00000 2.00000 0.00000 2.00000 0.00000 2.00000 0.00000 2.00000 0.00000 2.00000 0.00000 2.00000 0.00000 2.00000 0.00000 2.00000 0.00000 2.00000 0.00000 2.00000 0.00000 2.00000 0.00000 2.00000 0.00000 2.00000 0.00000 2.00000 0.00000 2.00000 1.00000 3.00000 0.00000 3.00000 0.00000 3.00000 0.00000 3.00000 0.00000 3.00000 1.00000 4.00000 0.00000 4.00000 0.00000 4.00000 0.00000 4.00000 0.00000 4.00000 0.00000 4.00000 0.00000 4.00000 1.00000 5.00000 0.00000 5.00000 0.00000 5.00000 0.00000 5.00000 1.00000 6.00000 0.00000 6.00000 0.00000 6.00000 0.00000 6.00000 0.00000 6.00000 0.00000 6.00000 0.00000 6.00000 1.00000 7.00000 0.00000 7.00000 0.00000 7.00000 0.00000 7.00000 0.00000 7.00000 0.00000 7.00000 0.00000 7.00000 0.00000 7.00000 0.00000 7.00000
#mess 8 set 128 0 1.00000 8.00000 0.00000 8.00000 0.00000 8.00000 0.00000 8.00000 0.00000 8.00000 0.00000 8.00000 1.00000 9.00000 0.00000 9.00000 0.00000 9.00000 0.00000 9.00000 0.00000 9.00000 0.00000 9.00000 1.00000 10.0000 0.00000 10.0000 0.00000 10.0000 0.00000 10.0000 0.00000 10.0000 1.00000 11.0000 0.00000 11.0000 0.00000 11.0000 0.00000 11.0000 0.00000 11.0000 0.00000 11.0000 0.00000 11.0000 1.00000 12.0000 0.00000 12.0000 0.00000 12.0000 0.00000 12.0000 0.00000 12.0000 0.00000 12.0000 0.00000 12.0000 0.00000 12.0000 0.00000 12.0000 0.00000 12.0000 0.00000 12.0000 0.00000 12.0000 0.00000 12.0000 0.00000 12.0000 0.00000 12.0000 0.00000 12.0000 0.00000 12.0000 0.00000 12.0000 0.00000 12.0000 0.00000 12.0000 0.00000 12.0000 0.00000 12.0000 0.00000 12.0000 0.00000 12.0000 0.00000 12.0000 0.00000 12.0000 0.00000 12.0000 0.00000 12.0000 0.00000 12.0000 0.00000 12.0000 1.00000 13.0000 0.00000 13.0000 0.00000 13.0000 0.00000 13.0000 0.00000 13.0000 0.00000 13.0000 0.00000 13.0000 0.00000 13.0000 0.00000 13.0000 0.00000 13.0000
#mess 8 set 192 0 0.00000 13.0000 1.00000 14.0000 0.00000 14.0000 0.00000 14.0000 0.00000 14.0000 0.00000 14.0000 1.00000 15.0000 0.00000 15.0000 0.00000 15.0000 0.00000 15.0000 0.00000 15.0000 0.00000 15.0000 0.00000 15.0000 0.00000 15.0000 1.00000 16.0000 0.00000 16.0000 0.00000 16.0000 0.00000 16.0000 0.00000 16.0000 1.00000 17.0000 0.00000 17.0000 0.00000 17.0000 0.00000 17.0000 0.00000 17.0000 1.00000 18.0000 0.00000 18.0000 0.00000 18.0000 0.00000 18.0000 1.00000 19.0000 0.00000 19.0000 0.00000 19.0000 0.00000 19.0000 0.00000 19.0000 0.00000 19.0000 0.00000 19.0000 0.00000 19.0000 0.00000 19.0000 0.00000 19.0000 0.00000 19.0000 0.00000 19.0000 0.00000 19.0000 0.00000 19.0000 0.00000 19.0000 0.00000 19.0000 0.00000 19.0000 0.00000 19.0000 0.00000 19.0000 0.00000 19.0000 0.00000 19.0000 0.00000 19.0000 0.00000 19.0000 0.00000 19.0000 0.00000 19.0000 0.00000 19.0000 0.00000 19.0000 0.00000 19.0000 0.00000 19.0000 0.00000 19.0000 0.00000 19.0000 0.00000 19.0000 0.00000 19.0000 0.00000 19.0000 0.00000 19.0000 0.00000 19.0000
#mess 8 set 256 0 0.00000 19.0000 1.00000 20.0000 0.00000 20.0000 0.00000 20.0000 0.00000 20.0000 0.00000 20.0000 1.00000 21.0000 0.00000 21.0000 0.00000 21.0000 0.00000 21.0000 0.00000 21.0000 1.00000 22.0000 0.00000 22.0000 0.00000 22.0000 0.00000 22.0000 0.00000 22.0000 0.00000 22.0000 0.00000 22.0000 0.00000 22.0000 1.00000 23.0000 0.00000 23.0000 0.00000 23.0000 0.00000 23.0000 0.00000 23.0000 0.00000 23.0000 1.00000 24.0000 0.00000 24.0000 0.00000 24.0000 0.00000 24.0000 0.00000 24.0000 0.00000 24.0000 1.00000 25.0000 0.00000 25.0000 0.00000 25.0000 0.00000 25.0000 0.00000 25.0000 1.00000 26.0000 0.00000 26.0000 0.00000 26.0000 0.00000 26.0000 0.00000 26.0000 0.00000 26.0000 1.00000 27.0000 0.00000 27.0000 0.00000 27.0000 0.00000 27.0000 0.00000 27.0000 0.00000 27.0000 0.00000 27.0000 0.00000 27.0000 0.00000 27.0000 0.00000 27.0000 0.00000 27.0000 0.00000 27.0000 0.00000 27.0000 0.00000 27.0000 0.00000 27.0000 0.00000 27.0000
#mess 3 set markers "#8"
#mess 3 set N 13
#mess 3 set M 314
#obj 9 fmat
#mess 9 size 314 2
#mess 9 set 0 0 0.00000 0.00000 0.00000 0.00000 0.00000 0.00000 0.00000 0.00000 0.00000 0.00000 0.00000 0.00000 0.00000 0.00000 0.00000 0.00000 0.00000 0.00000 0.00000 0.00000 0.00000 0.00000 0.00000 0.00000 0.00000 0.00000 0.00000 0.00000 0.00000 0.00000 0.00000 0.00000 0.00000 0.00000 0.00000 0.00000 0.00000 0.00000 0.00000 0.00000 0.00000 0.00000 0.00000 0.00000 0.00000 0.00000 0.00000 0.00000 0.00000 0.00000 0.00000 0.00000 0.00000 0.00000 0.00000 0.00000 0.00000 0.00000 0.00000 0.00000 0.00000 0.00000 0.00000 0.00000 0.00000 0.00000 0.00000 0.00000 0.00000 0.00000 0.00000 0.00000 0.00000 0.00000 0.00000 0.00000 0.00000 0.00000 0.00000 0.00000 0.00000 0.00000 0.00000 0.00000 0.00000 0.00000 0.00000 0.00000 0.00000 0.00000 0.00000 0.00000 0.00000 0.00000 0.00000 0.00000 0.00000 0.00000 0.00000 0.00000 0.00000 0.00000 0.00000 0.00000 0.00000 0.00000 0.00000 0.00000 0.00000 0.00000 0.00000 0.00000 0.00000 0.00000 0.00000 0.00000 0.00000 0.00000 0.00000 0.00000 0.00000 0.00000 0.00000 0.00000 0.00000 0.00000 0.00000 0.00000
#mess 9 set 64 0 0.00000 0.00000 0.00000 0.00000 0.00000 0.00000 0.00000 0.00000 0.00000 0.00000 0.00000 0.00000 0.00000 0.00000 0.00000 0.00000 0.00000 0.00000 0.00000 0.00000 0.00000 0.00000 0.00000 0.00000 0.00000 0.00000 0.00000 0.00000 0.00000 0.00000 0.00000 0.00000 0.00000 0.00000 0.00000 0.00000 0.00000 0.00000 0.00000 0.00000 0.00000 0.00000 0.00000 0.00000 0.00000 0.00000 0.00000 0.00000 0.00000 0.00000 0.00000 0.00000 0.00000 0.00000 0.00000 0.00000 0.00000 0.00000 0.00000 0.00000 0.00000 0.00000 0.00000 0.00000 0.00000 0.00000 0.00000 0.00000 0.00000 0.00000 0.00000 0.00000 0.00000 0.00000 0.00000 0.00000 0.00000 0.00000 0.00000 0.00000 0.00000 0.00000 0.00000 0.00000 0.00000 0.00000 0.00000 0.00000 0.00000 0.00000 0.00000 0.00000 0.00000 0.00000 0.00000 0.00000 0.00000 0.00000 0.00000 0.00000 0.00000 0.00000 0.00000 0.00000 0.00000 0.00000 0.00000 0.00000 0.00000 0.00000 0.00000 0.00000 0.00000 0.00000 0.00000 0.00000 0.00000 0.00000 0.00000 0.00000 0.00000 0.00000 0.00000 0.00000 0.00000 0.00000 0.00000 0.00000
#mess 9 set 128 0 0.00000 0.00000 0.00000 0.00000 0.00000 0.00000 0.00000 0.00000 0.00000 0.00000 0.00000 0.00000 0.00000 0.00000 0.00000 0.00000 0.00000 0.00000 0.00000 0.00000 0.00000 0.00000 0.00000 0.00000 0.00000 0.00000 0.00000 0.00000 0.00000 0.00000 0.00000 0.00000 0.00000 0.00000 0.00000 0.00000 0.00000 0.00000 0.00000 0.00000 0.00000 0.00000 0.00000 0.00000 0.00000 0.00000 0.00000 0.00000 0.00000 0.00000 0.00000 0.00000 0.00000 0.00000 0.00000 0.00000 0.00000 0.00000 0.00000 0.00000 0.00000 0.00000 0.00000 0.00000 0.00000 0.00000 0.00000 0.00000 0.00000 0.00000 0.00000 0.00000 0.00000 0.00000 0.00000 0.00000 0.00000 0.00000 0.00000 0.00000 0.00000 0.00000 0.00000 0.00000 0.00000 0.00000 0.00000 0.00000 0.00000 0.00000 0.00000 0.00000 0.00000 0.00000 0.00000 0.00000 0.00000 0.00000 0.00000 0.00000 0.00000 0.00000 0.00000 0.00000 0.00000 0.00000 0.00000 0.00000 0.00000 0.00000 0.00000 0.00000 0.00000 0.00000 0.00000 0.00000 0.00000 0.00000 0.00000 0.00000 0.00000 0.00000 0.00000 0.00000 0.00000 0.00000 0.00000 0.00000
#mess 9 set 192 0 0.00000 0.00000 0.00000 0.00000 0.00000 0.00000 0.00000 0.00000 0.00000 0.00000 0.00000 0.00000 0.00000 0.00000 0.00000 0.00000 0.00000 0.00000 0.00000 0.00000 0.00000 0.00000 0.00000 0.00000 0.00000 0.00000 0.00000 0.00000 0.00000 0.00000 0.00000 0.00000 0.00000 0.00000 0.00000 0.00000 0.00000 0.00000 0.00000 0.00000 0.00000 0.00000 0.00000 0.00000 0.00000 0.00000 0.00000 0.00000 0.00000 0.00000 0.00000 0.00000 0.00000 0.00000 0.00000 0.00000 0.00000 0.00000 0.00000 0.00000 0.00000 0.00000 0.00000 0.00000 0.00000 0.00000 0.00000 0.00000 0.00000 0.00000 0.00000 0.00000 0.00000 0.00000 0.00000 0.00000 0.00000 0.00000 0.00000 0.00000 0.00000 0.00000 0.00000 0.00000 0.00000 0.00000 0.00000 0.00000 0.00000 0.00000 0.00000 0.00000 0.00000 0.00000 0.00000 0.00000 0.00000 0.00000 0.00000 0.00000 0.00000 0.00000 0.00000 0.00000 0.00000 0.00000 0.00000 0.00000 0.00000 0.00000 0.00000 0.00000 0.00000 0.00000 0.00000 0.00000 0.00000 0.00000 0.00000 0.00000 0.00000 0.00000 0.00000 0.00000 0.00000 0.00000 0.00000 0.00000
#mess 9 set 256 0 0.00000 0.00000 0.00000 0.00000 0.00000 0.00000 0.00000 0.00000 0.00000 0.00000 0.00000 0.00000 0.00000 0.00000 0.00000 0.00000 0.00000 0.00000 0.00000 0.00000 0.00000 0.00000 0.00000 0.00000 0.00000 0.00000 0.00000 0.00000 0.00000 0.00000 0.00000 0.00000 0.00000 0.00000 0.00000 0.00000 0.00000 0.00000 0.00000 0.00000 0.00000 0.00000 0.00000 0.00000 0.00000 0.00000 0.00000 0.00000 0.00000 0.00000 0.00000 0.00000 0.00000 0.00000 0.00000 0.00000 0.00000 0.00000 0.00000 0.00000 0.00000 0.00000 0.00000 0.00000 0.00000 0.00000 0.00000 0.00000 0.00000 0.00000 0.00000 0.00000 0.00000 0.00000 0.00000 0.00000 0.00000 0.00000 0.00000 0.00000 0.00000 0.00000 0.00000 0.00000 0.00000 0.00000 0.00000 0.00000 0.00000 0.00000 0.00000 0.00000 0.00000 0.00000 0.00000 0.00000 0.00000 0.00000 0.00000 0.00000 0.00000 0.00000 0.00000 0.00000 0.00000 0.00000 0.00000 0.00000 0.00000 0.00000 0.00000 0.00000 0.00000 0.00000 0.00000 0.00000
#mess 3 set enveloppes "#9"
#mess 2 row 0 "#3"
#obj 10 fmat
#mess 10 size 1 13
#mess 10 set 0 0 0.117647 1.00000 1.00000 1.00000 1.00000 0.0294118 0.00000 0.205882 0.205882 0.205882 0.205882 0.205882 0.205882
#mess 1 row 0 "#2" "#10"
